Wavelength	240	245	250	255	260	265	270	275	280	285	290	295	300	305	310	315	320	325	330	335	340	345	350	355	360	365	370	375	380	385	390	395	400	405	410	415	420	425	430	435	440	445	450
nm	CPS	CPS	CPS	CPS	CPS	CPS	CPS	CPS	CPS	CPS	CPS	CPS	CPS	CPS	CPS	CPS	CPS	CPS	CPS	CPS	CPS	CPS	CPS	CPS	CPS	CPS	CPS	CPS	CPS	CPS	CPS	CPS	CPS	CPS	CPS	CPS	CPS	CPS	CPS	CPS	CPS	CPS	CPS
250	330	210	1180	2350	570	390	490	430	630	480	640	610	540	610	590	660	580	840	800	680	790	600	680	630	670	700	780	530	540	660	660	500	520	680	460	600	460	400	410	640	490	500	390
252.5	250	390	1250	6360	3050	420	450	470	620	490	610	790	590	690	390	710	730	570	650	830	620	600	620	780	540	700	690	560	520	630	630	580	600	470	460	570	570	600	500	480	420	520	520
255	280	320	630	8170	10850	1050	440	600	580	700	570	620	590	690	750	720	700	770	830	650	530	790	740	670	590	590	530	550	520	650	550	590	570	490	630	590	540	450	450	530	530	540	490
257.5	330	220	580	6670	21750	7010	630	540	450	560	670	700	670	670	610	740	590	500	660	690	790	700	620	730	570	590	520	620	440	580	580	530	620	590	710	570	540	570	430	420	510	570	460
260	300	240	370	3120	27400	25350	1930	490	660	780	690	670	660	680	760	590	670	600	820	720	690	620	690	590	670	610	580	590	590	620	630	740	520	480	470	560	500	560	510	470	450	530	560
262.5	290	360	300	1070	20260	52730	13240	750	620	510	690	670	670	710	570	750	670	650	570	690	760	530	660	700	410	550	490	640	420	520	610	580	440	570	500	560	610	480	540	450	420	520	500
265	360	270	370	510	8670	64300	49530	2270	780	730	700	740	870	590	620	820	780	800	660	610	760	570	690	550	610	530	440	640	550	580	530	460	530	590	460	650	660	490	480	540	540	500	520
267.5	350	350	490	490	2550	47510	104330	21120	1090	570	810	650	710	630	640	630	620	720	720	810	610	620	710	650	550	670	500	510	550	520	660	540	490	530	400	640	390	460	640	450	580	570	520
270	280	370	1030	810	1130	20350	132080	84320	3630	800	600	650	780	780	680	540	640	890	680	560	740	600	640	660	390	550	530	620	640	570	590	510	490	430	510	490	610	670	450	530	390	300	530
272.5	360	360	2480	2480	940	4850	96260	184190	35900	1130	780	760	880	770	840	780	810	740	600	630	580	690	670	650	550	570	580	630	570	570	530	500	550	650	680	510	500	650	540	500	570	400	320
275	330	400	2650	6140	1810	1830	39770	230430	142340	6190	900	860	760	860	730	690	700	820	670	670	790	680	650	720	630	520	690	640	610	530	630	650	630	360	500	480	510	430	520	440	510	480	500
277.5	420	390	2290	11210	5300	1470	9540	168360	301460	56440	1080	770	770	760	840	710	910	830	660	670	730	710	560	770	610	590	610	540	540	850	490	560	590	560	480	690	530	440	570	540	580	580	370
280	270	420	1390	13270	14030	2610	2800	71770	365450	222330	8600	1030	1010	720	830	920	800	800	940	680	720	810	730	630	720	800	660	620	520	630	590	490	600	440	560	390	580	510	460	530	580	580	400
282.5	530	420	670	10020	26850	7200	2870	15710	256870	453090	91380	1500	1190	740	880	780	870	720	730	830	780	790	630	670	700	620	590	600	550	600	550	550	660	450	520	550	590	550	490	540	500	520	580
285	330	420	460	5060	32490	21720	3700	5540	100550	517560	343340	15140	1110	820	960	1000	1000	810	840	860	700	870	600	580	730	660	700	570	540	470	470	450	670	580	510	580	540	550	600	520	470	430	580
287.5	510	480	580	2010	27420	43140	9030	5550	23460	343390	658450	136610	1920	1190	920	970	1090	870	830	720	840	770	770	760	720	650	560	470	500	720	620	590	580	490	690	550	570	540	620	510	620	590	500
290	350	370	480	1090	15160	58890	24590	6470	8120	124030	726760	482660	24760	1300	1090	950	840	880	830	970	710	600	890	820	730	630	590	690	810	660	500	450	560	510	390	450	680	560	620	430	450	530	480
292.5	430	440	600	1310	6180	54550	57690	10020	9410	26600	460140	878340	188820	2540	1470	1130	1000	950	890	820	610	770	710	570	590	580	800	570	540	500	580	600	620	590	460	660	460	450	650	520	470	440	540
295	470	430	660	1280	2970	35180	87140	25910	9490	11210	163650	917030	634500	30060	1670	1380	1170	1000	850	890	1040	940	780	640	650	580	620	560	580	740	590	700	520	510	510	590	670	450	480	660	570	490	440
297.5	450	370	760	1290	2320	16240	92450	62990	12570	11520	31870	568680	1089360	231750	2940	1470	1300	990	1010	1160	910	700	770	690	620	720	690	630	610	620	600	690	550	490	590	460	700	600	630	580	610	360	580
300	370	630	780	1520	2640	6820	68400	110540	24250	11970	11720	192060	1117800	759850	37460	1840	1290	1160	1010	1040	930	950	860	650	840	760	700	670	650	520	520	620	630	540	400	570	620	640	480	610	550	660	480
302.5	360	450	770	1740	2430	4550	37610	137020	60710	13330	10830	38540	678830	1299630	275720	3000	1420	1170	1090	890	960	900	860	780	840	670	710	550	710	770	530	510	560	550	700	590	520	590	560	370	640	480	570
305	380	520	680	1550	2370	4680	16040	116360	117980	21490	10770	12790	230350	1344750	873690	37440	2020	1150	1120	1110	1110	870	1010	830	860	740	700	660	690	670	580	770	610	640	510	670	560	550	490	460	490	580	590
307.5	530	550	760	1800	2760	3890	8790	76290	167510	51650	11810	11950	45660	822800	1508900	293970	3170	1570	1440	1160	1060	1220	940	920	830	820	870	630	600	500	690	730	550	520	610	600	410	460	700	590	500	500	570
310	370	310	820	1840	2390	4020	6870	36090	170730	112060	16140	11760	15360	299930	1575290	944400	35150	1920	1450	1370	1050	850	920	830	970	800	750	650	500	600	730	590	620	590	550	680	580	490	620	430	490	530	600
312.5	510	470	750	1980	2660	3650	6380	16990	125660	179740	36850	12630	14030	61730	1024730	1668910	291380	2870	1750	1770	1410	1150	1050	850	920	970	720	790	710	690	790	520	570	540	660	560	630	560	600	540	560	530	680
315	390	540	780	1840	2510	4070	6110	10080	69160	206060	91530	14370	13540	16480	373860	1802980	994330	30580	1920	1120	1360	1050	1090	880	790	680	830	790	690	760	700	610	470	730	610	570	630	550	580	520	550	460	610
317.5	400	390	670	1670	2500	3490	5740	9370	29580	178040	178480	26690	13400	14600	72210	1190320	1840430	283510	2850	2060	1160	1210	1200	1120	920	770	740	650	760	800	770	720	610	750	590	590	500	580	510	600	520	500	460
320	420	350	650	1520	2740	3790	5710	8630	14820	106760	245800	71510	14030	13760	16910	435950	2032480	1050060	25050	2250	1420	1110	1290	1150	1140	970	770	730	660	530	730	630	750	630	650	640	510	710	440	640	620	650	530
322.5	420	530	840	1650	2460	3550	5540	8280	11370	50550	237410	155890	20530	12810	13540	90500	1380460	1968340	257820	3600	1650	1150	1180	990	1150	780	990	680	760	750	590	610	540	650	570	700	610	590	610	440	500	490	540
325	460	450	830	1620	2260	3520	5080	7830	9660	20590	169750	246380	49650	12040	12140	17920	532760	2231310	998830	22110	2240	1390	1440	1160	1000	950	880	790	750	670	770	810	680	630	720	590	540	590	530	700	520	490	800
327.5	450	600	720	1530	2380	3400	5120	7470	8520	12640	88440	282490	124240	13860	11220	14040	103730	1543240	2029090	260320	3470	1800	1600	1400	1000	1010	980	940	810	640	720	750	620	660	570	760	640	700	540	650	540	580	560
330	530	560	760	1370	2200	2940	4990	6680	8960	10510	35950	235160	233160	31490	11190	12060	20030	603910	2411630	1034430	24610	1860	1470	1390	1090	1040	1030	1090	680	990	790	670	830	490	540	700	630	480	660	570	400	600	530
332.5	400	610	740	1400	1910	2620	4640	7160	8290	9160	15010	137570	305880	87950	11120	12100	14310	122030	1735680	2146200	273280	3850	1820	1400	1270	960	1180	1060	920	720	730	740	600	750	640	620	690	640	630	630	590	620	580
335	510	580	680	1320	1910	2690	4330	6390	7450	8700	10470	57110	293340	196700	19130	10690	12820	20900	699230	2541840	1157910	29890	2440	1660	1180	1280	1080	790	890	770	720	900	740	750	720	610	640	730	580	620	580	620	490
337.5	600	500	630	1140	1690	2770	4100	6040	7130	7680	9340	22290	198890	306170	60680	9960	12460	14400	142820	1789270	2293070	332260	3950	1970	1320	1220	1180	1190	1110	1030	720	730	710	690	620	660	670	790	740	600	450	560	670
340	560	490	560	1380	1900	2620	3490	5590	6900	7530	8200	10730	93010	338310	156750	13040	11900	13490	22530	685130	2623350	1296650	37810	2470	1640	1140	1150	1040	910	930	820	890	610	750	680	740	740	570	600	600	580	590	640
342.5	350	460	700	1200	1910	2700	3660	4930	6970	7030	7360	8700	34200	261560	288240	37730	10060	12500	15500	130360	1760760	2480560	391380	4200	1920	1250	980	990	1170	980	890	780	600	800	590	650	540	740	680	500	480	550	640
345	480	590	700	1160	1600	2020	3310	5100	6700	6840	7220	8230	14270	144890	363020	113440	10830	12230	14350	22420	646850	2700110	1441570	46260	2390	1310	1180	1110	1130	930	1020	800	640	710	720	650	690	690	640	580	640	620	510
347.5	440	470	580	1220	1650	1940	2990	4360	5540	6380	7110	7010	9060	58070	332010	245880	24380	10240	13430	16600	116510	1710530	2632730	447310	4600	1920	1310	1120	1200	1130	1000	930	840	770	800	570	690	550	800	580	650	640	570
350	410	570	690	970	1630	1910	3040	4120	5880	6930	6720	6380	8040	20840	213370	362240	76900	9990	13360	14530	23050	602110	2789440	1537340	51220	2470	1710	1330	1010	940	970	770	730	830	730	800	680	550	630	540	500	660	590
352.5	480	530	680	1000	1500	2000	3120	4020	5250	6320	6360	6520	6570	10060	103090	386480	188590	16340	11540	13740	16610	110470	1762100	2716570	456180	4560	1980	1560	1160	1240	1100	1010	920	720	750	790	720	650	700	660	520	450	610
355	470	530	790	1090	1260	2050	2620	4100	4920	6070	6020	6290	6350	7520	36890	299630	327070	45300	11280	13050	13950	23170	616790	2832110	1562100	53830	2620	1500	1180	940	1100	1090	790	870	880	610	600	670	610	650	650	720	500
357.5	450	590	580	950	1560	1950	2790	3530	4520	5400	6020	6310	5400	6170	14750	163400	411470	129170	12360	11940	14060	17170	108920	1771740	2736150	483470	4040	1740	1440	1220	950	920	900	930	800	770	730	640	690	540	530	640	490
360	510	510	740	1110	1480	1910	2450	3420	4520	5000	5890	5800	5850	5360	8410	69790	379690	265680	24170	10400	14110	14600	23580	618770	2859350	1600500	50090	2500	1420	1320	1130	1000	840	1080	900	680	810	570	620	630	720	680	620
362.5	530	590	670	1070	1250	1760	2570	3670	4560	4470	5930	5510	5300	5290	6160	25200	254820	386680	71270	11260	12020	14240	16770	111700	1838530	2784530	440650	4460	2020	1190	930	1040	1160	1050	1040	790	720	680	650	500	550	610	690
365	520	500	620	920	1420	1630	2640	3140	4260	4790	5410	5700	4970	5080	5420	11510	127720	419820	173220	15170	11520	13390	14810	23750	668220	2925730	1517240	44640	2550	1330	1200	990	1040	890	960	800	880	680	680	600	570	410	570
367.5	460	680	660	960	1190	1970	2420	3230	4520	4210	5410	4990	5210	5260	5540	7220	51050	348830	305610	38290	10280	13370	13810	17730	128730	1912790	2723640	399260	4130	1580	1280	1270	970	1150	1080	780	520	660	700	490	520	570	650
370	420	590	590	1070	1250	1690	2440	3010	3930	4310	4800	4960	5610	5030	5130	5790	19350	213600	415670	103580	11080	11190	14220	14720	25780	734050	2988080	1416940	32850	2230	1360	1140	1020	1190	1050	910	880	590	560	610	520	530	650
372.5	530	540	590	850	1600	1670	2280	2910	3360	4230	4800	5290	5460	4950	4890	5660	10050	97190	415130	226900	22700	9560	13050	13470	17960	143500	2027390	2667320	348700	3720	1560	1230	1090	920	1070	930	820	690	590	710	680	700	670
375	460	460	650	930	1340	1770	2350	3140	3640	4180	4650	4730	5140	4860	4550	5170	7190	35720	309760	364330	64530	10500	11460	13600	15500	26910	776920	2999050	1356600	25930	2290	1540	1310	1060	1120	880	810	880	690	620	570	510	620
377.5	400	410	590	880	1240	1740	1750	3070	3440	3900	4630	4400	4870	4620	4350	4680	5980	15600	175110	426640	158190	14410	11140	13450	13890	18330	161160	2055360	2607810	288960	3710	1620	1230	1200	920	1100	910	760	680	560	800	740	740
380	600	510	680	870	1280	1640	2030	2640	3450	3760	4360	4580	4760	5240	4380	4680	5090	9360	76390	384490	290620	34770	9480	11720	13190	15010	28680	810750	3038280	1201800	19120	2460	1260	960	960	1060	840	860	830	760	510	490	580
382.5	450	610	630	860	1150	1510	2150	2470	3810	4190	3990	4280	4630	4930	4510	4910	4880	7310	28790	252600	406630	97660	10810	10840	13220	13180	18550	168520	2120160	2520540	260190	3740	1600	1410	970	1020	1010	1010	910	730	800	630	740
385	430	540	510	970	1120	1530	1970	2660	3300	3560	4150	4290	4580	4740	4650	4330	5130	6210	13540	125470	416520	216410	20500	9540	12560	13290	15050	28140	859960	3060520	1179870	20410	2210	1460	1070	1050	890	1030	810	630	840	580	640
387.5	370	460	550	870	1110	1430	2050	2540	2880	3700	3850	3920	4690	5100	4930	5000	4700	5940	9090	49830	327420	348860	57900	9700	10780	12880	12840	18200	181630	2275150	2526210	276480	3460	1820	1390	1180	1020	950	1120	820	630	720	690
390	490	450	500	760	970	1300	2110	2580	3170	3580	3570	3860	4400	5200	5370	4930	5000	5530	7120	20020	190620	416480	146150	13240	9550	11840	12840	14700	28720	934190	3155390	1243750	24760	2590	1320	1140	1120	900	820	820	780	890	680
392.5	390	440	530	890	1170	1330	1890	2420	2970	3700	3860	3790	4170	4390	4760	4600	4730	4890	6010	11630	82750	374220	273600	33400	9020	10780	12430	12150	17970	192820	2356470	2708800	325100	4250	1750	1040	1130	1010	1000	980	910	810	800
395	410	450	570	840	1110	1400	1730	2430	3140	3300	3810	3820	4510	4500	4810	4510	4480	5220	5720	8360	29890	246450	378310	93590	10120	9410	11230	12200	14250	28750	965180	3266860	1391330	30070	2380	1340	1170	920	890	960	960	580	650
397.5	500	390	570	680	1070	1510	1940	2310	2840	3210	3600	3980	4320	4660	4300	5050	4560	5040	5300	6700	14010	121840	396450	203960	19350	8630	10150	12650	11590	17860	188760	2287240	2801830	379850	4490	1530	1170	1150	1130	1000	960	800	820
400	430	520	560	920	1020	1400	1620	2290	2820	3170	3550	3950	4300	4470	4710	4670	4950	5030	5300	6100	9870	48430	303080	320670	53750	8560	9520	11560	10950	13400	27770	902040	3173210	1458340	37210	2570	1150	1160	1240	940	680	770	870
402.5	510	590	620	920	1120	1300	1800	2400	2840	3060	3340	3570	3660	4090	4250	5020	5080	5260	5370	5720	7230	18910	171380	381800	132780	12540	8490	10200	11770	11390	17310	169550	2093920	2817820	426860	4410	1810	1220	1190	1010	850	880	900
405	530	420	650	800	940	1290	1610	2250	2960	3620	3760	3740	3730	4330	3940	5280	4970	5060	5100	5980	6100	11710	77370	342370	247540	31990	7670	8070	10760	10390	13660	26760	756390	3098510	1597970	42460	2670	1300	1080	1040	860	950	780
407.5	570	500	570	690	1110	1540	1800	1920	2850	3480	3520	4140	4400	4280	4170	4310	4940	4700	5190	5510	5820	8690	31830	227490	335400	82550	8270	7890	9490	10570	11220	17420	139850	2023180	2934650	441150	4540	1720	1520	1240	980	800	970
410	480	560	550	730	1080	1350	1670	2140	2690	3010	3680	3590	4180	3960	3700	4610	4660	5320	4910	5580	5790	7220	17260	117710	357690	172370	16350	8080	8620	9780	10500	13400	23460	714290	3147840	1603010	44980	2420	1620	1020	890	1020	810
412.5	350	530	530	670	990	1430	1570	2050	2710	3340	3370	4110	3720	3940	3800	4430	4800	5430	5590	5060	6360	5830	12950	50380	286900	273900	45060	7500	8380	10230	10920	11860	15170	125080	2017510	2899780	447650	4160	1760	1260	970	1120	830
415	540	390	470	1020	1020	1220	1640	2240	2730	2780	3190	3660	3770	4210	4160	4600	4830	5400	5290	5300	5340	6050	10630	22100	176540	335850	107550	9770	7600	9230	10440	10350	12260	22740	702830	3097540	1614440	41380	2160	1280	1090	980	930
417.5	490	570	700	920	1130	1200	1580	2050	3050	2840	3280	3490	3740	4050	4180	4280	4300	5520	5030	5330	5170	5870	8970	12920	84170	316810	195120	23410	6750	7880	9730	9920	9560	14780	123880	2022060	2919690	413280	4250	1690	1310	1140	980
420	580	370	520	700	870	1400	1470	2030	2680	2720	3280	3660	3810	3700	4090	4280	4250	4920	5180	5010	5100	5480	8220	9520	36750	236740	282680	58920	6980	7830	8810	10870	8350	11630	21790	735880	3137860	1505130	39040	2270	1350	1110	890
422.5	470	510	430	740	1060	1260	1720	2540	2730	3160	3200	3350	3290	3640	4100	4160	3920	4920	5030	5340	5340	5430	8090	7470	18180	134250	313280	124990	11930	6820	8440	10030	9140	9230	14660	141530	2062810	2784240	381200	3810	1550	1160	1120
425	420	460	590	710	810	1260	1670	2240	2290	2710	3440	3370	3850	4080	3650	4130	4310	4490	5370	5140	5170	5450	8510	6060	12330	61400	276270	207340	29170	6060	7510	8590	9080	9230	10980	21530	786640	3081270	1406510	24560	2120	1490	900
427.5	400	440	500	630	880	1350	1610	2040	2390	2990	3460	3250	3330	3870	3400	3890	4280	4810	5470	4840	5470	5410	8470	6140	9310	25430	189890	276910	70770	7410	7420	7970	9450	7900	9000	14050	144300	2108800	2719690	312650	3650	1150	1240
430	430	430	540	850	840	1510	1630	1910	2550	2880	3400	3270	4000	3940	3520	4090	4290	4210	5120	5130	5300	4990	7750	5930	8250	13520	103530	287000	138630	14220	6760	7270	8450	7760	8460	10980	21510	822130	3081900	1277200	17910	2130	1230
432.5	430	430	450	680	1010	1210	1540	1970	2510	2970	3230	3360	3430	4080	3830	3940	4040	4470	5200	5290	4740	5200	8210	5880	6880	9520	46190	234680	213580	35530	6490	7370	6800	8690	7540	8590	13410	158600	2141290	2612880	268010	3430	1570
435	560	370	430	600	980	1420	1490	2000	2210	2770	3220	2970	3470	3630	3760	3740	4220	4240	4680	5070	4970	5000	8090	5420	7290	7660	20160	151230	262640	78660	7960	6340	6750	8190	8180	7640	10280	20980	833560	3093470	1183980	14980	2230
437.5	390	380	480	870	820	1270	1570	2080	2190	2820	3110	2940	3660	3650	3550	3640	3950	4000	4660	5300	5340	4810	7680	5330	6460	5960	11520	74290	254140	142870	18380	6110	6480	6930	8220	7010	8310	13020	163100	2238260	2537640	226020	3660
440	520	360	470	750	930	1090	1520	1920	2280	2760	2920	3080	3450	3340	3440	3800	3710	4040	4580	4660	5210	5010	8060	5260	7080	5400	8220	31740	193320	211420	43360	6400	5880	6540	7800	6670	6970	9680	20430	922740	3139700	1080940	15480
442.5	390	450	460	620	980	1100	1400	2010	2200	2410	2800	3060	3360	3440	3250	3760	4070	4010	3920	4890	4810	5180	7930	5040	6190	4860	7030	14440	116210	246040	89870	10590	5560	5860	6930	7310	6200	8240	11640	180990	2315650	2448040	240940
445	440	340	520	630	990	1020	1330	1690	1970	2880	2810	3050	2980	3000	3380	3160	3520	3820	3890	4270	4800	4810	7600	4830	6600	4610	5400	8930	53290	224350	153040	24510	5170	5160	6050	7350	6340	6350	9240	19800	953180	3089650	1236810
447.5	380	420	360	650	880	1260	1360	1570	2160	2650	2630	2830	2830	3270	3350	3260	3400	3580	3830	4140	4920	5130	7120	4590	6270	4470	4390	7310	22940	158760	208850	57810	6720	4780	6110	6880	6740	5300	7800	11640	189570	2364800	2920800
450	360	620	370	730	850	1140	1300	1820	2090	2390	2620	3190	2900	3000	3020	3270	3470	3620	4030	4230	4290	4710	7260	4580	5990	4320	4290	4870	11160	89000	225540	110930	14540	4890	5660	5710	7150	5540	6020	8740	20520	1000530	3672910
452.5	410	430	590	670	1000	900	1460	1750	1820	2250	2560	2800	2760	2790	3140	3090	3210	3400	4150	4090	4080	4760	6340	4410	5770	3910	3550	4320	8130	39790	187760	171130	34340	5030	5000	5120	6350	6240	5970	7260	11510	202930	2647480
455	420	510	500	600	920	940	1150	1630	1960	1810	2570	2380	2730	2580	2890	3190	3150	3360	3480	3930	3940	4110	6510	4030	5270	3920	3840	3780	6160	16680	123330	205890	73000	8810	4120	4970	4930	6160	4960	5500	8110	19330	1008400
457.5	350	440	470	550	980	1020	1130	1470	1810	2190	2340	2340	2650	2600	2840	3040	2980	3320	3550	3740	3870	4140	7080	4050	5040	4000	3250	3710	4600	9760	62900	201970	129830	20210	4620	4740	5020	6160	5900	5460	6310	10250	166920
460	460	280	470	540	870	920	1250	1430	1710	2060	2410	2260	2750	2570	2740	2590	2730	3150	3180	3230	3850	4110	5980	4110	5120	4090	3580	3700	3900	6870	28280	154840	169870	44190	5430	4260	4760	4930	5370	4780	5750	8400	17170
462.5	390	350	380	530	880	900	1150	1430	1740	1980	2140	2460	2210	2440	2270	2460	2910	3060	2930	3740	3340	3520	6260	4080	4730	3550	3250	3060	3210	6220	12740	89870	188690	85730	11440	4110	4420	4580	5380	4860	4880	6710	10400
465	410	390	470	600	800	840	1340	1270	1680	1940	2050	2450	2410	2530	2350	2530	2420	2870	3090	3330	3410	3500	5650	3990	4900	3290	2880	2950	3020	4290	8000	44810	163470	129600	25120	4380	4100	4050	4910	5070	4360	5280	8450
467.5	410	500	410	680	640	1080	1150	1320	1580	2000	1960	2050	2480	2200	2300	2440	2960	3150	3070	2890	3350	3860	5660	3370	4560	3410	3200	3280	2850	3540	6200	19520	115130	159390	52940	6570	3490	4250	4030	5190	4920	4900	6370
470	330	370	450	600	820	900	990	1420	1390	1760	1840	1820	2490	2380	2510	2470	2290	2750	2800	3160	3240	3480	5040	3680	4470	3050	2970	3020	3130	3690	5340	9860	62330	163390	91110	12900	3370	3910	4300	4750	4720	4330	5550
472.5	400	340	400	420	650	930	970	1370	1710	1890	2120	2180	2030	2300	2130	2100	2400	2830	2950	2760	2760	3110	4770	3520	4140	2900	3140	2720	2880	3290	4050	7160	29920	131900	127960	29580	3890	3240	3790	3760	4900	3890	4610
475	360	460	450	620	580	780	890	1290	1560	1500	1810	1630	1990	2140	2370	2290	2400	2410	2700	2340	2710	3140	4540	3170	3940	3050	2390	2630	2460	3100	3190	5440	13740	86110	146090	57170	7490	3100	3730	4170	4620	4260	4250
477.5	330	280	560	600	710	780	1280	1290	1380	1740	1920	2040	2170	2310	1950	2140	2370	2460	2820	2660	2790	2680	4410	3060	4080	2810	3000	2710	2570	3070	2990	4500	7700	47360	139160	89160	15260	3200	3350	3810	3840	4580	4080
480	450	340	370	410	770	660	910	1090	1540	1780	1750	1500	1870	2140	2190	2340	2240	2380	2370	2830	2370	2920	4390	2840	3770	3020	2690	2540	2320	2750	2820	3770	6200	22160	109300	118220	31190	4380	2360	3720	3700	4450	3970
482.5	480	350	320	540	770	710	790	1170	1290	1460	1570	1750	1660	1990	1720	1880	2200	2290	2480	2130	2590	2650	4080	2700	3830	2700	2340	2480	2590	2800	3150	3140	4400	10440	68100	129040	58590	8280	2810	3200	3230	3710	3990
485	320	310	380	510	600	680	970	1040	1180	1560	1330	1680	1920	1730	2020	2050	2200	2250	2400	2180	2290	2700	3960	2680	3430	2640	2490	2380	2460	2590	2760	2470	4060	6150	36170	119880	88670	15940	2930	3000	3300	3410	4700
487.5	430	310	450	500	750	820	940	970	1240	1320	1440	1810	1940	1590	1840	2120	2060	2160	1930	2240	2350	2640	3730	2480	3110	2500	2490	2030	2170	2490	2480	2540	2930	5210	16160	90370	111460	32420	4550	2550	3200	3290	3920
490	430	260	370	450	550	690	730	970	1350	1310	1440	1630	1830	1640	2040	1750	1980	2100	2320	2280	2340	2350	3570	2380	3010	2840	2380	2200	2150	2370	2760	2300	2660	4100	8780	55490	116260	57710	8340	2530	3010	3150	3720
492.5	460	360	310	500	570	740	1030	1040	1370	1360	1540	1580	1780	1740	1760	2010	1800	1890	2190	2200	1860	2260	3230	2430	2960	2180	2420	2040	2420	2390	2130	2400	2470	3320	6000	28480	102510	81150	17540	2750	2490	3030	3080
495	390	290	450	520	600	580	780	1010	1200	1110	1330	1260	1580	1660	1640	2080	1730	1970	2150	2210	2280	2110	3340	2310	2730	2470	2280	2190	1880	2230	2000	2330	2380	3020	4830	12830	73120	100800	35120	4590	2260	2820	3280
497.5	290	430	380	500	640	680	630	960	1070	1060	1340	1480	1680	1780	1760	1840	1910	1890	1870	2160	2130	2150	3210	2170	2650	2130	2300	2310	1760	2020	2110	2010	2370	2740	3550	6980	40980	100990	55240	8980	2410	2820	3250
500	210	290	740	580	490	810	720	1080	880	1220	1530	1510	1470	1770	1640	1760	1810	1920	1800	1890	1880	2130	2930	1790	2710	1710	1960	2020	1880	1890	1820	2330	2100	2030	2880	4780	20510	82490	76440	18780	3240	2160	3200
502.5	340	330	1570	1480	670	580	720	970	1070	1190	1410	1620	1610	1510	1500	1720	1720	1780	1710	1950	1920	2170	2790	1770	2470	1920	2080	1880	1900	1960	2140	2050	2140	1950	2350	4350	9050	55800	90010	34840	5070	2350	2680
505	330	270	2480	3780	550	790	730	820	1210	1390	1390	1360	1320	1460	1380	1530	1720	1530	1870	1690	1920	1920	2760	1760	2290	1880	1980	1870	1810	2060	1760	1870	1870	2060	2250	3080	5620	31220	84090	53490	10330	2170	2200
507.5	360	260	2960	9700	1370	830	700	840	1010	1130	1150	1420	1290	1420	1700	1810	1730	1490	1570	2000	1690	1670	2330	1700	2070	2070	1770	1900	1740	1950	1860	1950	2050	1890	1960	2640	4420	14650	68310	71460	21050	3360	1910
510	280	430	1920	16100	3500	620	720	1050	980	1310	1270	1320	1350	1390	1330	1270	1590	1800	1700	1750	1560	1810	2830	1750	1930	1690	1940	1650	1980	1920	1730	1800	1920	1850	2120	2400	3290	7060	41160	80110	37260	5590	2040
512.5	340	460	970	19930	11230	550	700	740	960	1200	1120	1420	1430	1380	1470	1410	1830	1710	1680	1570	1580	1690	2230	1840	2020	1610	1560	1610	1760	1720	1810	1990	1910	1690	1800	1820	3170	4400	22220	71890	51920	11660	2350
515	330	440	340	18770	22500	720	710	880	900	1080	1120	1280	1130	1250	1300	1370	1750	1750	1500	1540	1730	1680	2320	1590	1700	1540	1610	1570	1920	1860	1780	1570	1530	1770	1730	1840	2350	3370	9850	53840	66750	20790	3730
517.5	260	300	320	13490	38320	2270	680	820	920	1120	1040	1080	1220	1440	1450	1500	1350	1410	1690	1730	1790	1640	2310	1570	1980	1750	1440	1670	1750	1640	1430	1710	1760	1490	1570	1780	1920	3130	5100	33820	67950	34640	7300
520	370	370	420	7240	49900	8710	670	870	1210	1020	910	1100	1250	1400	1450	1570	1290	1430	1420	1500	1510	1380	2080	1640	2020	1540	1630	1480	1640	1740	1420	1520	1410	1520	1890	1740	1750	2440	3680	17940	60190	48770	13430
522.5	370	340	410	2170	53790	24620	800	860	820	1010	1170	1320	1280	1100	1070	1310	1520	1360	1320	1230	1420	1510	1680	1560	1560	1480	1550	1540	1410	1680	1530	1540	1500	1480	1380	1670	1590	1860	3160	8530	44780	57970	24280
525	320	370	320	1120	43060	48290	1120	690	870	1040	1080	1040	1120	1110	1300	1130	1420	1390	1450	1250	1630	1520	1910	1420	1660	1460	1290	1360	1280	1780	1500	1610	1840	1210	1560	1560	1650	1460	2450	4270	26680	61040	37970
527.5	230	300	400	640	29290	75200	3710	1120	810	1150	1300	1120	1240	1190	1180	1120	1350	1380	1330	1320	1230	1390	1580	1440	1640	1300	1330	1290	1330	1550	1550	1380	1460	1350	1380	1430	1420	1380	2010	3430	14000	54030	51070
530	380	450	320	710	14670	93310	14820	970	1020	1030	890	1090	1240	1150	1380	1120	1230	1340	1350	1360	1270	1380	1590	1460	1350	1480	1020	1250	1170	1630	1750	1360	1460	1680	1390	1370	1400	1360	1820	2570	7160	38900	56170
532.5	400	390	500	530	5240	98710	37880	690	790	970	1040	1180	1140	1140	1200	1270	1330	1470	1530	1260	1510	1250	1500	1350	1410	1610	1130	1350	1060	1220	1490	1590	1370	1140	1200	1460	1360	1300	1520	2130	3710	23750	57290
535	270	430	500	600	1660	81040	75100	1160	870	990	1030	970	1190	1240	1150	1240	1070	1530	1500	1310	1470	1280	1320	1290	1460	1410	1240	1280	1230	1210	1350	1390	1290	1320	1360	1290	1390	1180	1430	2100	2970	13110	47620
537.5	490	260	510	610	1160	54890	119770	4040	820	1070	920	940	890	1270	1040	1310	1150	1440	1070	1400	1550	1240	1330	1340	1320	1280	1040	1330	1060	1230	1290	1380	1130	1200	1290	1160	1280	1180	1260	1570	2440	6220	34090
540	400	420	490	470	1050	27700	153970	16160	990	930	960	1190	900	950	1210	1140	1060	1160	1170	1190	1270	1470	1620	1250	1130	1070	1110	1170	1070	1100	1170	1630	1250	1150	1230	1000	1250	1150	1230	1080	1920	3360	21090
542.5	220	380	700	650	1040	9800	156750	50750	1040	1000	1080	1170	1190	980	1080	1060	1190	1220	1220	1240	1240	1290	1330	1230	1310	1430	1060	1150	990	1070	1260	1220	1170	1180	1180	1170	1160	1030	1050	1190	1730	2700	10440
545	290	420	1190	970	1030	2930	130660	105420	1320	1030	1130	950	1130	1040	1230	1090	1170	1090	1110	1210	1220	1150	1230	1180	1220	910	1210	1020	1040	980	1160	1160	1220	1200	1110	860	1090	1180	1020	1180	1490	2310	5600
547.5	490	430	1910	1330	1280	1940	87790	170240	4890	1090	1070	880	1090	1120	970	1030	880	1030	1280	1340	1210	910	1230	1200	1240	1120	1080	1060	1060	1140	1060	1260	1100	1110	1210	1060	990	1100	1190	950	1170	2060	3430
550	390	410	2850	2560	840	1880	47550	222550	23910	1140	1130	1060	1120	1260	1080	890	880	1080	1010	1120	1020	1130	1260	990	1290	1050	990	910	990	930	850	1180	1050	1020	1100	930	980	1000	1090	970	1110	1370	2590
