Wavelength	240	245	250	255	260	265	270	275	280	285	290	295	300	305	310	315	320	325	330	335	340	345	350	355	360	365	370	375	380	385	390	395	400	405	410	415	420	425	430	435	440	445	450
nm	CPS	CPS	CPS	CPS	CPS	CPS	CPS	CPS	CPS	CPS	CPS	CPS	CPS	CPS	CPS	CPS	CPS	CPS	CPS	CPS	CPS	CPS	CPS	CPS	CPS	CPS	CPS	CPS	CPS	CPS	CPS	CPS	CPS	CPS	CPS	CPS	CPS	CPS	CPS	CPS	CPS	CPS	CPS
250	330	330	1030	2540	590	400	410	530	580	500	530	610	690	540	620	700	650	810	640	620	640	710	640	700	640	720	720	620	480	650	630	550	660	550	690	600	390	580	640	530	460	380	560
252.5	310	400	1010	6300	3210	400	540	440	540	640	600	580	760	600	570	810	830	630	850	670	630	690	680	780	660	610	520	710	520	600	580	560	690	600	470	380	490	480	460	500	490	680	540
255	310	220	900	9100	11760	860	420	610	600	610	600	740	650	630	570	610	810	690	680	750	710	770	680	790	690	600	480	760	630	580	500	610	710	610	660	610	630	520	580	430	570	420	590
257.5	250	340	520	7280	24800	7450	340	550	480	550	640	680	550	720	640	530	780	740	600	660	620	670	700	720	730	640	690	490	630	450	570	710	550	690	520	610	520	520	510	540	630	510	500
260	210	250	370	3100	29930	27480	1760	510	610	590	700	710	630	860	660	670	640	630	590	610	820	650	790	810	720	610	770	640	660	510	490	550	510	540	620	670	570	590	560	570	450	490	470
262.5	260	350	290	1000	21760	56050	13780	710	690	480	650	810	590	650	840	640	690	750	850	710	820	690	680	650	660	600	630	700	780	520	510	670	700	510	690	660	570	640	600	510	440	420	470
265	380	330	410	700	9390	70020	53720	2800	770	720	760	830	650	770	720	700	680	660	690	840	650	620	750	670	600	750	710	530	560	550	420	580	720	430	530	560	640	500	480	630	530	460	630
267.5	420	360	490	470	2550	50910	108530	21890	870	870	870	780	840	860	700	770	780	740	520	850	930	570	830	650	580	560	710	720	560	630	500	570	580	470	480	540	580	550	660	490	430	450	530
270	290	410	950	830	1130	21660	138670	88800	3690	780	780	610	630	730	690	770	780	770	800	880	710	750	780	600	690	490	680	460	670	630	600	520	480	570	610	640	720	580	600	520	330	460	540
272.5	310	410	2070	2290	880	5210	103740	195850	36130	1020	730	810	680	900	890	840	740	680	720	640	710	670	760	630	690	610	650	600	610	640	550	480	680	520	610	510	570	650	740	420	640	480	410
275	400	410	2880	6780	1590	1760	42950	244120	147900	5820	870	710	870	910	820	760	650	770	970	680	730	750	750	790	540	810	580	730	700	510	710	650	680	420	600	620	560	540	670	680	590	500	530
277.5	440	440	2680	11850	5630	1650	9680	183240	313050	57390	1270	830	1030	790	840	810	670	810	630	710	740	790	860	640	630	820	580	560	570	510	380	520	530	590	580	550	600	570	600	480	470	410	470
280	350	430	1440	14240	14710	2360	2830	75840	386330	233140	8760	1180	900	850	950	890	840	650	720	810	730	590	670	650	720	710	770	690	770	630	630	640	580	670	430	500	590	580	510	630	500	680	500
282.5	460	380	610	10780	27500	7010	2680	17460	271550	479450	89710	1780	1070	970	1000	890	970	730	800	640	840	690	670	680	670	640	580	760	570	610	520	630	570	560	420	560	600	450	620	580	500	610	540
285	360	440	480	5190	34220	21300	3430	4870	106120	556030	353520	15530	1380	1260	990	970	870	780	880	990	690	710	820	760	740	710	660	680	600	730	680	540	530	530	610	600	470	540	470	600	630	500	530
287.5	490	480	390	2190	28160	45090	7930	4350	22870	367980	681780	139280	1930	1070	840	840	830	920	1000	720	660	930	830	950	690	650	610	610	570	730	580	540	560	670	570	570	600	600	480	640	390	500	450
290	380	470	470	1070	15790	60570	24630	5310	7270	132020	756300	498160	23930	1170	960	950	1140	1080	1020	1100	900	700	790	690	660	660	770	630	540	500	610	630	650	450	620	450	450	500	580	490	620	420	700
292.5	420	450	690	1300	5780	55650	58140	8370	6910	28030	485650	898220	194500	2700	1300	1240	860	1030	1050	900	730	710	770	840	740	730	720	630	660	610	650	640	570	750	560	510	570	540	530	450	620	680	680
295	510	490	520	910	2580	35900	90360	24230	7040	9840	171580	933290	639830	30370	1870	1240	1120	1050	950	990	900	1000	890	920	810	710	730	630	730	610	660	670	480	660	520	580	760	490	560	610	600	360	450
297.5	430	590	460	1030	1920	15450	93860	61560	9800	9170	32920	587130	1123710	239120	2750	1430	1160	940	960	1060	1000	810	830	670	700	870	700	810	720	710	620	550	740	570	540	630	690	570	680	640	670	500	590
300	520	540	700	1160	1560	5180	68340	110540	23060	10160	11080	194240	1149540	780420	38980	1780	1220	970	1150	1000	970	740	780	840	860	710	700	670	620	680	630	830	590	610	730	660	580	490	490	660	620	560	500
302.5	460	520	890	1250	1680	2810	35260	136440	59720	10950	11110	39570	705400	1344030	287710	2880	1460	1060	910	1270	1010	820	840	900	770	960	750	770	690	690	530	630	540	850	650	660	510	650	690	560	660	630	460
305	460	580	840	1260	1910	2750	14190	120840	119990	19350	11090	12840	235140	1377160	915820	40800	2170	1410	1260	1060	1100	880	930	870	760	630	780	590	650	640	750	680	760	580	560	810	740	590	530	530	520	590	490
307.5	440	400	650	1460	1750	2550	6280	75470	171250	51690	11280	12310	46130	844740	1569620	308340	3530	1700	1370	1120	1040	1170	970	800	800	690	720	710	640	700	740	750	700	640	720	710	710	700	530	590	520	500	520
310	400	630	630	1520	1780	2200	4370	34100	173040	114340	14880	12750	16200	306160	1627380	980170	35300	1860	1610	1190	1220	1060	790	770	810	940	750	780	740	800	670	620	590	630	670	450	830	550	650	450	550	610	530
312.5	480	510	680	1180	1690	2240	3670	14260	125400	185420	37490	11780	14390	63820	1049940	1725190	294140	3430	1660	1390	1210	1170	1020	1020	910	880	830	730	770	550	900	680	580	660	610	650	690	750	600	600	770	580	630
315	550	530	600	1290	1840	2320	3460	7320	66870	216130	93740	13320	13870	17190	382630	1863720	1018380	29490	2280	1640	1160	1180	1200	940	880	850	760	700	770	540	660	770	650	620	490	580	830	620	680	540	680	580	600
317.5	410	600	680	1120	2000	2260	3310	6260	27080	182920	179770	27540	13400	14170	75570	1238140	1876540	291690	3150	1820	1190	1250	1070	1030	1010	710	970	780	690	590	620	610	800	650	700	700	530	580	820	760	540	560	620
320	470	550	560	1220	1930	2390	3200	5160	11980	109630	248190	74340	13390	13990	16980	456120	2086140	1069390	24320	2200	1460	1570	1460	910	1020	860	830	810	880	780	630	780	780	730	590	620	640	580	650	660	520	610	660
322.5	350	450	640	1400	1640	2140	3090	5170	7990	50960	245420	159320	19430	13820	13550	89230	1413410	2027980	260540	3010	1600	1450	1310	1210	1050	1050	770	980	750	670	750	540	730	690	540	650	740	670	730	530	640	640	600
325	450	520	550	1140	1680	2300	2870	4930	7340	20040	178030	254450	51710	12460	12760	18300	551460	2285780	1018160	22830	2040	1430	1510	1220	1300	980	780	930	580	790	630	580	650	580	730	790	700	640	570	570	660	680	610
327.5	500	470	560	1120	1470	2010	3140	4780	6300	10620	89860	290520	128040	15090	11760	14290	111590	1569730	2080580	262180	3170	1800	1370	1350	1130	930	820	810	940	790	670	790	560	760	610	710	690	770	650	640	670	510	540
330	460	450	630	1090	1370	2090	3060	4680	6290	8850	36880	242550	237530	31610	11330	12740	20660	629130	2474370	1074650	27620	2290	1530	1100	1040	930	1010	830	760	850	660	690	730	730	630	700	590	460	740	680	600	510	470
332.5	530	390	530	880	1400	1790	2950	4420	6320	7310	15170	143310	322000	90610	10810	12110	15210	128560	1810750	2189060	296730	3520	1620	1420	1130	960	1110	1020	720	990	820	700	820	790	640	820	580	710	480	600	610	660	670
335	350	530	620	910	1250	1680	2590	4460	5370	6600	9130	60400	302450	200800	20760	10790	13120	22740	722410	2587990	1198650	28690	2460	1630	1180	1230	1250	1060	970	760	840	870	760	700	710	480	530	680	690	580	610	560	730
337.5	480	450	680	860	1170	1670	2250	3730	5010	6120	8060	22650	204320	313490	61650	10100	12590	15540	148670	1843350	2356870	333450	4090	1610	1410	1260	1150	1070	1040	710	750	1000	680	650	610	580	710	700	650	640	750	590	680
340	510	480	520	840	1160	1400	2400	3940	4770	5920	7030	11370	95610	345970	165970	13640	11440	13820	23460	697710	2732390	1326240	38230	2110	1830	1440	1510	1090	900	850	820	680	890	680	630	900	790	640	700	660	620	690	810
342.5	530	420	790	930	1200	1450	2190	3400	4850	5770	6350	8300	36130	275880	295270	39420	10180	13640	16420	135270	1809090	2509170	386060	3880	1970	1510	1140	1140	1230	1130	980	870	740	720	600	640	660	700	670	610	670	530	610
345	460	460	550	850	980	1610	2450	3230	4370	5380	6680	7480	14430	153560	380700	118230	11360	13030	14080	23920	660560	2751480	1453630	47390	2740	1650	1410	1040	970	1120	1040	960	730	930	640	630	740	590	690	640	660	580	680
347.5	440	510	580	830	1140	1490	2240	2800	4170	5130	5810	6560	8700	61790	347030	251410	24960	10760	13330	16430	118890	1775630	2654810	450450	4220	1900	1410	1170	1290	1150	1030	760	820	840	560	710	580	650	730	530	550	580	550
350	470	500	690	900	930	1610	2020	3080	4180	4860	5450	5820	7080	23020	224850	375390	78650	10940	12430	14910	23500	624520	2790710	1575840	51250	2350	1510	1410	1080	1190	950	830	720	830	640	780	650	650	670	560	530	730	740
352.5	380	540	540	710	1190	1260	2080	2800	4190	4390	5190	5750	6200	10370	102650	396260	192490	16780	11680	14360	16730	112660	1776610	2756450	462890	4960	1660	1250	1130	1280	1210	940	730	930	710	710	670	650	730	800	660	680	530
355	510	660	600	860	1020	1270	1940	2260	3590	5200	5470	5220	6040	7980	38650	311470	334150	48000	10900	14080	14990	25080	619720	2866130	1597740	53020	2470	1630	1180	1010	1050	1020	950	890	720	810	730	630	760	700	670	620	720
357.5	580	470	560	690	1140	1210	1660	2620	3310	4580	5420	5120	5630	6470	14950	173940	423900	130740	11240	12080	15440	16580	110340	1764050	2828640	496450	4480	2040	1480	1180	1090	900	1130	790	900	850	710	740	660	770	620	520	740
360	610	440	610	1000	940	1510	1590	2340	3190	4320	5080	5260	5820	6270	8920	72420	386250	265070	24490	11630	14540	16020	24960	609440	2930510	1644980	51670	2880	1670	1080	1220	1040	1090	950	1000	900	730	810	670	810	750	680	540
362.5	490	450	540	800	980	1330	1940	2460	3070	3780	4590	4820	5520	5900	6930	26470	265780	401240	71130	11050	12340	14930	18050	114440	1876050	2869590	449950	4670	1650	1420	1090	990	1110	1070	810	800	580	740	730	730	570	620	700
365	440	490	550	740	1010	1120	1700	2310	2670	3640	4300	4810	4900	6320	6500	12180	134580	434940	176400	15450	11620	15090	16270	25250	683610	3043110	1557150	45490	2500	1500	1530	1170	1010	910	780	710	800	670	640	740	600	500	630
367.5	560	510	740	700	1020	1310	1660	1900	2920	3400	4340	5430	5830	6530	6070	9220	53470	361650	313310	39260	10830	12930	14800	18380	132300	2018310	2804580	407530	3770	1950	1470	1190	1170	930	1020	820	650	700	720	600	780	700	700
370	480	510	490	650	800	1290	1610	2400	2730	3330	3770	5310	5610	6990	6580	7340	20730	222140	430220	108410	11730	12130	13790	14910	28510	771560	3127510	1472950	33240	2390	1380	1320	990	850	1120	960	600	750	750	620	620	600	710
372.5	610	410	520	770	990	1330	1650	2480	2700	3120	3880	5200	6340	7140	6370	6800	11520	101890	425460	234110	23700	10960	13910	15080	19180	151530	2142450	2745560	361070	3840	1880	1560	1350	1040	1080	990	910	740	820	580	710	780	680
375	540	460	770	760	970	1170	1590	2340	2770	3070	3730	4940	7350	7510	7060	6830	8480	37400	320690	371760	65560	10680	12370	14570	14930	28060	828330	3071970	1395690	26010	2500	1390	1380	1050	1190	1100	960	750	770	580	660	520	550
377.5	480	440	640	740	860	1260	1650	2140	2390	3150	4180	5130	7600	8380	6930	6510	7230	16770	180010	444580	162740	15110	11440	14410	14320	20000	176570	2133330	2721720	303470	3880	1830	1260	1210	1090	1000	870	840	760	760	860	620	630
380	440	540	540	680	1100	900	1600	2140	2600	3170	3800	5120	7990	8700	8390	7190	7020	10860	80790	388320	294420	37780	9970	12490	14190	14660	29860	847460	3146520	1249410	20470	2490	1350	1290	1190	1050	1030	760	800	780	670	640	780
382.5	380	490	480	750	890	1480	1510	2130	2630	2970	3810	5510	7840	10380	8300	7170	6910	9180	30280	259920	413080	98890	11040	11380	13600	13410	19160	173020	2252600	2592630	271890	3880	1790	1370	1330	930	1050	940	760	670	740	730	640
385	430	430	600	610	850	1300	1570	1990	2720	2910	3590	5850	9120	11330	9650	7540	7540	7920	15410	133080	426930	218730	20910	10130	12970	14090	14890	29930	934970	3206130	1202340	20990	2620	1740	1160	1020	900	1090	880	1010	670	750	490
387.5	500	480	500	680	850	1390	1670	2320	2650	3210	3730	6080	9310	11730	10510	8320	7570	7480	11530	55750	339400	357930	59300	10550	11670	13810	13390	19250	190930	2366770	2603850	278920	4430	1700	1410	1160	1020	970	960	880	790	910	720
390	450	630	640	720	1040	1260	1680	2390	2520	3330	3470	6400	10300	13130	11550	8800	7520	7990	9700	21990	198880	431480	146370	14340	11010	13000	13380	14690	30390	993670	3230660	1266990	24670	2450	1430	1010	900	940	1130	1100	780	880	670
392.5	530	530	520	640	950	1390	1740	2460	2540	3080	4130	6990	10320	14230	12670	9550	8820	8490	9390	14380	87050	385170	277320	34400	9630	11980	13330	13150	19120	209260	2420850	2733380	332980	4300	1600	1140	1260	1110	1000	970	830	790	550
395	450	360	600	800	1000	1400	2050	2170	2600	3120	3540	7930	11200	15110	13980	9640	8810	9040	9510	11720	33810	260360	388660	96180	11290	11420	13290	13760	14730	31750	975310	3317660	1437870	29850	2290	1460	1430	1120	950	990	830	860	700
397.5	500	440	630	550	780	1520	1950	2330	2970	3490	4010	7880	11750	16460	13990	10850	9510	9410	9110	10480	18380	128920	401500	206600	21770	10090	12250	12630	12030	17930	190700	2331620	2888990	380270	4140	1820	1440	1210	1100	980	1070	870	830
400	490	350	570	740	1040	1530	2130	2520	2990	3540	4740	7610	12540	16850	14840	11690	10350	10180	10630	11020	14400	53910	316410	328160	56680	11110	10350	12700	11950	14570	29050	906240	3257080	1505440	37400	2620	1890	1250	1030	1070	850	990	780
402.5	510	580	490	630	1070	1420	2530	2810	3070	3570	4840	8920	14110	17800	15820	12640	11050	10600	10690	11270	12940	25290	183330	392950	137560	14630	10070	11080	11930	12090	17920	164700	2160400	2902480	429170	4450	1810	1410	970	960	930	930	820
405	350	490	520	850	860	1550	2090	2630	3450	3870	4790	9590	14080	19170	16590	12550	11910	11830	11150	11790	12660	17250	82360	354990	250770	33950	9360	9650	12620	11690	13420	26690	778160	3200750	1648990	43850	2630	1190	1260	930	970	1050	1080
407.5	420	480	550	830	1200	1620	2070	3060	3330	4140	5060	9340	15110	19180	16860	14360	12130	11660	12360	11820	11960	14670	36100	239450	354750	87040	11090	9900	11080	11690	11950	17720	138530	2079950	3013860	452020	4430	1960	1420	1160	1030	910	890
410	420	480	420	650	1080	1820	2420	3120	3480	4150	5070	10340	15890	20730	17040	13600	12540	12200	12660	13110	12610	14740	21340	125710	368280	180700	19210	9250	10280	11710	10920	13660	23740	727170	3238520	1649790	45440	2830	1580	1070	1000	930	880
412.5	470	500	470	840	1360	1780	2100	3000	3360	4240	5780	9670	15850	21290	17350	13960	12630	13060	12380	13150	13000	14410	16390	56670	297380	280310	48280	9970	9510	10710	10930	12010	16630	128710	2037450	2993050	461230	4350	1780	1300	910	1040	1030
415	500	490	500	810	1130	1670	2400	3160	3230	4370	5880	10370	15600	20790	17940	13640	12160	12850	12960	13270	13180	13310	15430	26740	183160	343540	110290	12010	9070	9910	10470	10490	13430	23230	705030	3188040	1655070	41820	2510	1420	1210	1080	1010
417.5	480	520	740	820	870	1800	2280	2860	3350	4270	5300	10530	15860	21550	18410	14240	12520	12310	12770	13310	13310	13190	13970	18810	91650	326540	200820	25410	8010	8970	10230	10710	10990	15110	124620	2086390	2987380	427000	3970	1800	1220	1230	990
420	480	490	460	940	1090	1640	2500	3110	3610	4270	5720	10710	16560	22210	17990	14220	12740	13110	14030	12930	13680	12800	13430	15660	40890	238620	290310	63810	9320	8180	9010	10390	9340	12050	21560	750770	3202620	1552260	38230	2240	1260	1180	1120
422.5	640	400	590	790	1210	1790	2320	2980	3150	4400	5600	10190	15810	20990	18460	14340	12840	12840	13000	13120	12470	13130	12620	13370	22050	141020	321040	128510	14380	7570	8810	10860	9590	10100	15230	142050	2128060	2852030	388460	4130	1730	1470	1200
425	430	550	520	820	1270	1610	2250	2830	3010	3940	5290	10250	16590	21860	18390	14160	12810	13490	12760	12890	13170	13630	12890	11990	16150	66080	286700	217910	31940	7690	8020	8730	10450	8530	11540	22490	799310	3159340	1433440	25720	2290	1430	1110
427.5	380	440	520	780	1200	1730	2360	2930	3640	4470	5530	10260	16460	22230	17670	13640	13250	12930	13480	13220	13870	13320	13300	12620	13510	29850	200200	283820	72230	9020	7670	8250	9950	8100	9730	14090	149700	2177460	2765920	323640	3520	1420	1250
430	460	480	500	680	1270	1800	2620	3180	3530	4100	5420	10200	16060	20560	17170	13900	12390	13280	13640	13550	13690	14000	13530	11080	12300	17360	108610	298450	140530	14680	7070	8220	9120	8990	8250	11170	21430	835430	3131810	1312870	19170	2170	1670
432.5	320	390	550	730	1070	1950	2410	2950	3020	3950	4990	10370	15760	20130	17460	14370	13040	12790	13110	13690	14020	14010	13630	12650	11040	13800	50810	244840	221270	37680	6870	7580	8380	8940	7580	9440	13830	165330	2181890	2679900	269160	3650	1810
435	490	410	460	730	1100	1720	2160	2750	3490	3890	4930	10200	14460	19870	17220	13740	12390	12820	12390	13530	12980	13240	12570	11910	10660	11170	23200	156600	267750	79110	9550	7270	7650	8610	7840	7480	10710	21800	858870	3177430	1216730	15230	2120
437.5	460	480	560	670	1040	1610	2280	3150	3360	4060	5270	10400	14280	20370	16430	13310	12250	12280	12360	13220	13730	13660	12670	11450	10250	9980	14220	81980	267210	150170	18520	6380	7000	7690	8050	7150	8240	13150	166080	2301170	2598330	229290	3490
440	460	450	670	740	1150	1520	2220	2980	3180	4100	5160	9780	14850	19260	15820	13080	11950	12180	12630	12210	13120	13110	12140	11470	10730	9410	11370	35740	201830	216670	44800	6840	6450	7100	7470	7630	7470	10550	20720	950920	3217510	1101950	14760
442.5	430	300	490	650	1150	1660	2040	2760	3060	4030	5020	9650	13570	18280	15860	11880	11340	10920	11300	12660	12710	12610	12220	10950	9380	8670	8870	16750	121330	252490	90950	11420	6200	6660	7330	7510	6930	8250	12570	186280	2385090	2467100	232210
445	540	400	530	780	1110	1580	2130	2560	2620	3690	4980	8820	13320	18350	14680	12390	11170	10770	11510	11820	12570	12000	11000	10620	8950	8210	8080	11690	58260	229230	157960	25140	5860	6240	6380	7510	6590	6640	9400	20810	981300	3182580	1188120
447.5	440	380	580	750	920	1460	2100	2750	2910	3470	4500	8650	13690	16730	14050	11850	10230	10480	10700	11300	11990	11630	10890	10120	8710	7350	7250	9100	24240	163200	215790	58500	7390	6020	6340	6930	7080	6020	7580	11980	197840	2429440	2773360
450	330	260	580	700	1060	1270	2130	2600	2970	3420	4440	8480	12070	15820	13760	11330	9940	10470	10550	9590	11510	11080	10810	9510	8690	7420	6470	7020	12580	92550	229850	113280	15290	5220	6160	5870	6900	6600	6660	9770	21210	1029330	3440240
452.5	440	440	470	770	1080	1310	1740	2240	2770	2980	4510	8170	11420	15970	13290	10400	9880	9400	9690	10270	10880	11450	10410	9870	7820	7280	6890	6360	9270	41230	190820	172450	34980	5730	5340	5250	6430	6240	5830	7650	11180	210650	2427400
455	610	330	420	710	920	1260	1680	2350	2630	2840	4270	7380	11600	14660	11870	10260	9200	9510	9410	9990	9930	10160	10520	8570	7760	6650	5880	5480	7200	16930	126810	215050	74980	8390	4340	5180	5550	6330	5640	6560	9200	20470	930160
457.5	390	430	450	830	930	1120	2010	2040	2430	2930	4190	7230	10920	13240	12050	9790	8270	9580	8690	9140	9580	9480	9560	9080	7530	6880	5330	5140	6040	11020	67290	205200	128320	19560	4850	5140	5370	6740	5270	5160	7050	10990	160200
460	360	390	590	560	1000	1190	1570	2260	2130	3000	3760	6680	10090	13340	11080	9180	8240	8640	8960	8380	9340	8990	9530	7970	7780	6470	5510	5300	5350	7920	28460	152400	174080	45290	6230	4850	5050	5810	5630	5310	5870	8710	18280
462.5	520	390	440	680	850	1240	1610	2090	2290	2710	3470	6550	9580	11970	10360	8460	7780	8540	8110	8260	8560	9150	8550	7660	7060	5940	4930	4890	4680	6420	13750	92120	192560	84500	11910	3900	4910	4760	5630	4980	4740	7170	10950
465	350	480	530	690	920	1240	1430	1680	2320	2680	3530	6430	9360	11940	10180	8460	6860	7140	8010	8180	7830	8010	7450	7750	6770	5270	5520	5060	4650	5350	8780	44870	165980	132430	26640	4320	4110	4470	4860	5040	4840	5760	8510
467.5	400	500	440	570	890	1270	1640	1810	2410	2850	3120	6230	8800	10940	9520	8000	7070	7550	7490	7270	7610	7630	7660	7360	6430	5340	5000	4570	4050	4530	7170	20030	115820	165740	53380	6800	3680	4770	4580	5890	4690	4630	7160
470	450	330	410	680	830	1460	1730	1840	2020	2370	3390	5500	8200	10450	8580	7110	6540	6730	6740	6920	7060	7750	7500	6830	6320	5300	4670	4350	3700	3600	5540	10140	65450	167290	91640	13970	3910	4470	4190	5120	4930	4230	6340
472.5	440	420	520	490	780	1050	1450	1870	1980	2420	3090	5720	7440	9240	8040	6070	6010	5880	6580	6810	6690	7310	6900	6960	5360	4480	4390	3940	4280	3750	4450	7380	31550	135460	131450	30790	4330	3450	4060	4330	5380	4360	4950
475	400	410	540	590	640	1140	1270	1500	1910	2070	2880	5120	6880	9160	7990	6140	5970	6140	6370	6020	6430	6530	6150	6170	5910	4590	3750	4020	3550	3530	3430	6480	13440	88250	149540	56540	7950	3280	3980	3580	4550	4410	4100
477.5	370	390	500	600	750	1020	1370	1730	1940	2220	2770	4700	6360	8080	6960	5500	5880	5550	5940	5750	5740	6400	6130	5420	5430	4440	4140	3330	3520	3250	3490	4760	8570	48270	142110	90690	16030	3530	3310	3820	3860	4910	4010
480	430	380	480	510	670	1070	1290	1520	1630	2020	2380	4300	5960	7890	6680	5580	5270	5400	5520	5360	6270	6250	5730	5380	5270	4840	3920	3580	2900	3520	3400	4180	6130	23290	112370	120930	31550	4220	3220	3570	3670	4820	4160
482.5	380	360	450	680	810	950	1130	1620	1590	1950	2260	4600	6190	7180	6610	5550	4750	4660	5370	5370	5690	5170	5480	4800	4660	4610	3810	3150	3200	3090	3270	3230	5010	11070	70820	134710	59360	8510	3130	3740	3570	3960	4490
485	380	340	320	600	650	1120	1260	1320	1950	1900	2020	4100	5590	6880	5780	4920	4560	4610	5090	4730	5150	5370	5180	4730	4230	4160	3570	3240	2920	2820	3450	3300	4470	6750	37240	124360	90010	16790	3170	3320	3500	3130	4660
487.5	330	340	420	490	600	1040	1210	1380	1620	2020	2380	3900	5020	6630	5650	4750	4300	4340	4430	5130	4710	5510	5020	4540	4480	4430	3580	2950	2850	2860	2710	3010	3510	5500	17880	93000	115090	33070	4530	2580	3150	2900	4110
490	300	270	440	550	590	1070	1150	1350	1650	1720	1960	3700	4760	5670	5150	4550	4220	4430	4150	4760	4900	4450	4410	4460	3700	3630	3450	3000	2600	2830	2660	3320	2830	4590	8490	56660	119640	57590	8720	2490	2950	3020	3580
492.5	280	400	630	610	640	840	1160	1480	1400	1730	2030	3270	4630	5980	4720	4230	4020	3950	4060	3810	4390	4410	4620	3710	4030	3820	3210	3020	2530	2300	2710	2860	2900	3700	6200	29530	106590	83940	17940	2850	2880	3120	3220
495	360	410	580	690	680	730	970	1090	1610	1890	2090	3170	4140	5370	4870	4030	3600	3820	3640	3990	3860	4020	3650	3820	3650	3400	3180	3220	2930	2630	2750	2730	2880	3490	5030	13660	75450	103210	35690	4890	2370	2770	3220
497.5	430	340	520	410	620	860	910	1180	1420	1590	1900	2950	4310	5040	4670	3570	3290	3590	3520	3670	3780	4030	3550	3680	3370	3550	2890	2890	2760	2460	2680	2450	2730	2540	3830	7190	43750	103510	56770	10260	2630	2660	3200
500	250	490	790	610	530	600	1100	1270	1290	1480	1800	2970	3680	4620	4090	3700	3500	3040	3510	3220	3360	3420	3930	3420	3160	3210	2620	2490	2370	2180	2310	2590	2340	2470	3400	5440	21360	87220	77360	19640	2940	2440	2950
502.5	530	290	2050	1600	670	680	910	1020	1110	1580	1730	2860	3390	4740	3930	3140	2960	2980	3500	3240	3630	3460	3260	3240	3180	3090	2600	2560	2680	2050	2540	2000	2300	2530	2740	4730	9740	58090	91440	36130	5070	2300	2630
505	390	440	3050	4350	600	760	890	800	1140	1320	1780	2400	3310	4140	3350	3090	3080	3100	2890	2930	3690	3210	3230	3060	2930	2860	2460	2360	2440	2350	2350	2430	2470	2100	2190	3470	6060	33250	88140	55090	10120	2290	2450
507.5	430	410	3370	10000	1160	710	860	930	1080	1430	1640	2460	3050	3940	3480	3160	3100	2610	3040	2740	2750	2980	2950	3020	2420	2850	2410	2460	2490	2020	2020	2030	2030	2340	2080	3040	4140	14870	68810	73220	20830	3160	1930
510	440	280	2500	16610	3950	790	950	840	1190	1390	1840	2400	2910	3640	3040	3310	2580	2660	2730	2560	2780	2780	2870	2540	2780	2620	2050	2680	2380	2200	2280	2230	2020	2190	2320	2490	3940	7120	43270	79980	35560	5860	2120
512.5	300	240	1020	21110	11040	1010	970	860	1270	1270	1520	2150	3010	3230	2900	2610	2510	2730	2860	2720	2450	2870	2710	2590	2370	2340	2440	2420	2250	2140	2040	1880	2040	1790	2240	1930	2890	4950	22430	75150	53310	11750	2880
515	230	430	620	20550	24980	940	820	860	930	1180	1440	2000	2650	2950	2620	2650	2390	2650	2760	2530	2690	2690	2850	2570	2530	2110	2020	2150	1920	1790	2080	2270	1880	2070	1980	2070	2400	3730	10700	55360	68810	21620	3750
517.5	410	400	490	14810	40800	2770	830	990	1010	1310	1380	2270	2350	2670	2930	2570	2240	2280	2620	2190	2490	2450	2800	2440	2110	2100	2160	2020	1880	2100	1750	1950	1640	1700	1750	1550	2060	3200	5420	34690	70530	35210	7050
520	330	290	460	7580	54490	9510	760	980	1080	1190	1150	1780	2420	2760	2400	2100	2460	2470	2220	2300	2320	2160	2070	2250	2190	2030	1920	1750	2050	1950	1780	1790	1640	1610	1390	1880	1880	2740	3720	18230	62920	49700	13660
522.5	360	450	430	2930	54990	26760	840	1040	1080	1180	1210	1940	2460	2370	2290	1990	2000	2040	2040	2220	2300	2210	2270	2490	2050	1780	2070	1640	1790	1710	1720	1690	1540	1670	1780	1720	1940	2360	3130	8200	47400	60310	24200
525	440	430	290	1130	46100	52680	1170	990	1020	1100	1330	1580	2080	2520	2270	2150	1980	1900	1710	2120	2250	2330	1920	1870	2180	1870	1830	1640	1710	1650	1810	1760	1550	1610	1600	1840	1660	1810	2650	4950	28640	60960	38370
527.5	300	430	430	770	31790	80700	3570	940	1040	1120	1260	1690	2080	2460	2030	2050	2260	1850	2250	2100	2030	2100	1970	1810	1800	1680	1660	1650	1660	1740	1580	1900	1680	1580	1790	1590	1960	1440	2380	3460	14640	54050	51100
530	350	490	380	710	16280	101010	15190	800	1040	930	1320	1710	2190	2500	2100	1660	1820	1910	1830	1830	1910	2150	2100	2060	1880	1600	1600	1810	1510	1880	1470	1270	1510	1480	1480	1430	1370	1540	1880	2930	7140	39840	59770
532.5	430	320	430	630	5810	103710	42100	980	1000	860	1160	1750	1470	2110	2050	1590	1710	1640	1870	1560	1670	1730	1970	1960	1550	1540	1640	1660	1510	1550	1900	1640	1730	1360	1410	1540	1630	1480	1650	2640	4450	25700	58920
535	380	490	390	740	1840	85790	83120	1290	970	1010	1130	1570	1760	2230	1910	1720	1690	1520	1860	1590	1970	1760	2040	1660	1750	1540	1360	1580	1350	1630	1740	1610	1520	1450	1240	1200	1290	1250	1400	2010	3390	13100	50650
537.5	290	360	340	700	1350	57950	126090	3630	1080	1000	1240	1400	1800	1550	1820	1610	1510	1550	1730	1810	1800	1550	1590	1370	1690	1700	1580	1410	1590	1410	1640	1490	1640	1360	1510	1060	1240	1310	1250	1820	2720	6930	35210
540	370	360	460	670	1170	30060	160200	17400	880	850	1350	1510	1720	1810	1360	1590	1550	1600	1530	1720	1530	1660	1610	1690	1760	1300	1630	1360	1490	1190	1300	1300	1530	1560	1340	1030	1080	1290	1380	1490	2100	3620	21790
542.5	310	430	870	690	980	11150	168260	51850	1220	1340	1150	1500	1400	1950	1520	1800	1730	1520	1620	1540	1570	1560	1400	1560	1600	1500	1360	1200	1410	1430	1180	1430	1340	1250	1060	1250	1200	1250	1380	1250	1840	2870	10540
545	270	520	1460	920	1010	3520	141460	110100	1200	1270	1000	1380	1490	1580	1550	1450	1550	1320	1460	1510	1440	1520	1330	1620	1300	1340	1380	1240	1270	1390	1160	1530	1490	1200	1180	990	1240	1200	1230	1260	1630	2140	5150
547.5	370	370	2230	1300	1160	1810	95150	179120	4540	1150	1170	1350	1740	1560	1530	1630	1200	1540	1410	1520	1620	1520	1380	1440	1500	1240	1220	1060	1370	1120	1000	1000	1300	1410	1180	1230	1280	980	1100	780	1430	2050	3540
550	380	450	3250	2850	950	2010	50660	234310	24430	1080	1250	1280	1200	1570	1520	1700	1520	1640	1430	1480	1290	1470	1600	1450	1200	1200	1030	1160	1110	1010	1330	1210	1230	1050	1160	950	1100	1110	1090	1080	1280	1570	2790
