Wavelength	S1
nm	CPS
365	14330
366	14680
367	14270
368	14170
369	14140
370	13880
371	14110
372	13370
373	11900
374	12750
375	11440
376	11180
377	10720
378	10420
379	9750
380	10270
381	9590
382	9990
383	10970
384	14050
385	20800
386	30340
387	46380
388	69660
389	102370
390	143180
391	194830
392	240790
393	290970
394	341160
395	376490
396	398330
397	397260
398	381320
399	340710
400	300650
401	246420
402	197640
403	148980
404	106560
405	73360
406	50390
407	36250
408	24850
409	17920
410	14520
411	11580
412	10710
413	9470
414	8620
415	7560
416	6760
417	6060
418	6040
419	5910
420	5370
421	5730
422	5190
423	5510
424	5220
425	4960
426	5680
427	5230
428	5210
429	5240
430	5620
431	4980
432	4670
433	4820
434	4720
435	4410
436	4560
437	4320
438	4640
439	4620
440	4800
441	4450
442	4480
443	4430
444	4450
445	4010
446	4090
447	3960
448	4130
449	4360
450	4030
