EM wavelength	EX wavelength	S1
nm	nm	CPS
250	240	330
252.5	240	310
255	240	310
257.5	240	250
260	240	210
262.5	240	260
265	240	380
267.5	240	420
270	240	290
272.5	240	310
275	240	400
277.5	240	440
280	240	350
282.5	240	460
285	240	360
287.5	240	490
290	240	380
292.5	240	420
295	240	510
297.5	240	430
300	240	520
302.5	240	460
305	240	460
307.5	240	440
310	240	400
312.5	240	480
315	240	550
317.5	240	410
320	240	470
322.5	240	350
325	240	450
327.5	240	500
330	240	460
332.5	240	530
335	240	350
337.5	240	480
340	240	510
342.5	240	530
345	240	460
347.5	240	440
350	240	470
352.5	240	380
355	240	510
357.5	240	580
360	240	610
362.5	240	490
365	240	440
367.5	240	560
370	240	480
372.5	240	610
375	240	540
377.5	240	480
380	240	440
382.5	240	380
385	240	430
387.5	240	500
390	240	450
392.5	240	530
395	240	450
397.5	240	500
400	240	490
402.5	240	510
405	240	350
407.5	240	420
410	240	420
412.5	240	470
415	240	500
417.5	240	480
420	240	480
422.5	240	640
425	240	430
427.5	240	380
430	240	460
432.5	240	320
435	240	490
437.5	240	460
440	240	460
442.5	240	430
445	240	540
447.5	240	440
450	240	330
452.5	240	440
455	240	610
457.5	240	390
460	240	360
462.5	240	520
465	240	350
467.5	240	400
470	240	450
472.5	240	440
475	240	400
477.5	240	370
480	240	430
482.5	240	380
485	240	380
487.5	240	330
490	240	300
492.5	240	280
495	240	360
497.5	240	430
500	240	250
502.5	240	530
505	240	390
507.5	240	430
510	240	440
512.5	240	300
515	240	230
517.5	240	410
520	240	330
522.5	240	360
525	240	440
527.5	240	300
530	240	350
532.5	240	430
535	240	380
537.5	240	290
540	240	370
542.5	240	310
545	240	270
547.5	240	370
550	240	380
250	245	330
252.5	245	400
255	245	220
257.5	245	340
260	245	250
262.5	245	350
265	245	330
267.5	245	360
270	245	410
272.5	245	410
275	245	410
277.5	245	440
280	245	430
282.5	245	380
285	245	440
287.5	245	480
290	245	470
292.5	245	450
295	245	490
297.5	245	590
300	245	540
302.5	245	520
305	245	580
307.5	245	400
310	245	630
312.5	245	510
315	245	530
317.5	245	600
320	245	550
322.5	245	450
325	245	520
327.5	245	470
330	245	450
332.5	245	390
335	245	530
337.5	245	450
340	245	480
342.5	245	420
345	245	460
347.5	245	510
350	245	500
352.5	245	540
355	245	660
357.5	245	470
360	245	440
362.5	245	450
365	245	490
367.5	245	510
370	245	510
372.5	245	410
375	245	460
377.5	245	440
380	245	540
382.5	245	490
385	245	430
387.5	245	480
390	245	630
392.5	245	530
395	245	360
397.5	245	440
400	245	350
402.5	245	580
405	245	490
407.5	245	480
410	245	480
412.5	245	500
415	245	490
417.5	245	520
420	245	490
422.5	245	400
425	245	550
427.5	245	440
430	245	480
432.5	245	390
435	245	410
437.5	245	480
440	245	450
442.5	245	300
445	245	400
447.5	245	380
450	245	260
452.5	245	440
455	245	330
457.5	245	430
460	245	390
462.5	245	390
465	245	480
467.5	245	500
470	245	330
472.5	245	420
475	245	410
477.5	245	390
480	245	380
482.5	245	360
485	245	340
487.5	245	340
490	245	270
492.5	245	400
495	245	410
497.5	245	340
500	245	490
502.5	245	290
505	245	440
507.5	245	410
510	245	280
512.5	245	240
515	245	430
517.5	245	400
520	245	290
522.5	245	450
525	245	430
527.5	245	430
530	245	490
532.5	245	320
535	245	490
537.5	245	360
540	245	360
542.5	245	430
545	245	520
547.5	245	370
550	245	450
250	250	1030
252.5	250	1010
255	250	900
257.5	250	520
260	250	370
262.5	250	290
265	250	410
267.5	250	490
270	250	950
272.5	250	2070
275	250	2880
277.5	250	2680
280	250	1440
282.5	250	610
285	250	480
287.5	250	390
290	250	470
292.5	250	690
295	250	520
297.5	250	460
300	250	700
302.5	250	890
305	250	840
307.5	250	650
310	250	630
312.5	250	680
315	250	600
317.5	250	680
320	250	560
322.5	250	640
325	250	550
327.5	250	560
330	250	630
332.5	250	530
335	250	620
337.5	250	680
340	250	520
342.5	250	790
345	250	550
347.5	250	580
350	250	690
352.5	250	540
355	250	600
357.5	250	560
360	250	610
362.5	250	540
365	250	550
367.5	250	740
370	250	490
372.5	250	520
375	250	770
377.5	250	640
380	250	540
382.5	250	480
385	250	600
387.5	250	500
390	250	640
392.5	250	520
395	250	600
397.5	250	630
400	250	570
402.5	250	490
405	250	520
407.5	250	550
410	250	420
412.5	250	470
415	250	500
417.5	250	740
420	250	460
422.5	250	590
425	250	520
427.5	250	520
430	250	500
432.5	250	550
435	250	460
437.5	250	560
440	250	670
442.5	250	490
445	250	530
447.5	250	580
450	250	580
452.5	250	470
455	250	420
457.5	250	450
460	250	590
462.5	250	440
465	250	530
467.5	250	440
470	250	410
472.5	250	520
475	250	540
477.5	250	500
480	250	480
482.5	250	450
485	250	320
487.5	250	420
490	250	440
492.5	250	630
495	250	580
497.5	250	520
500	250	790
502.5	250	2050
505	250	3050
507.5	250	3370
510	250	2500
512.5	250	1020
515	250	620
517.5	250	490
520	250	460
522.5	250	430
525	250	290
527.5	250	430
530	250	380
532.5	250	430
535	250	390
537.5	250	340
540	250	460
542.5	250	870
545	250	1460
547.5	250	2230
550	250	3250
250	255	2540
252.5	255	6300
255	255	9100
257.5	255	7280
260	255	3100
262.5	255	1000
265	255	700
267.5	255	470
270	255	830
272.5	255	2290
275	255	6780
277.5	255	11850
280	255	14240
282.5	255	10780
285	255	5190
287.5	255	2190
290	255	1070
292.5	255	1300
295	255	910
297.5	255	1030
300	255	1160
302.5	255	1250
305	255	1260
307.5	255	1460
310	255	1520
312.5	255	1180
315	255	1290
317.5	255	1120
320	255	1220
322.5	255	1400
325	255	1140
327.5	255	1120
330	255	1090
332.5	255	880
335	255	910
337.5	255	860
340	255	840
342.5	255	930
345	255	850
347.5	255	830
350	255	900
352.5	255	710
355	255	860
357.5	255	690
360	255	1000
362.5	255	800
365	255	740
367.5	255	700
370	255	650
372.5	255	770
375	255	760
377.5	255	740
380	255	680
382.5	255	750
385	255	610
387.5	255	680
390	255	720
392.5	255	640
395	255	800
397.5	255	550
400	255	740
402.5	255	630
405	255	850
407.5	255	830
410	255	650
412.5	255	840
415	255	810
417.5	255	820
420	255	940
422.5	255	790
425	255	820
427.5	255	780
430	255	680
432.5	255	730
435	255	730
437.5	255	670
440	255	740
442.5	255	650
445	255	780
447.5	255	750
450	255	700
452.5	255	770
455	255	710
457.5	255	830
460	255	560
462.5	255	680
465	255	690
467.5	255	570
470	255	680
472.5	255	490
475	255	590
477.5	255	600
480	255	510
482.5	255	680
485	255	600
487.5	255	490
490	255	550
492.5	255	610
495	255	690
497.5	255	410
500	255	610
502.5	255	1600
505	255	4350
507.5	255	10000
510	255	16610
512.5	255	21110
515	255	20550
517.5	255	14810
520	255	7580
522.5	255	2930
525	255	1130
527.5	255	770
530	255	710
532.5	255	630
535	255	740
537.5	255	700
540	255	670
542.5	255	690
545	255	920
547.5	255	1300
550	255	2850
250	260	590
252.5	260	3210
255	260	11760
257.5	260	24800
260	260	29930
262.5	260	21760
265	260	9390
267.5	260	2550
270	260	1130
272.5	260	880
275	260	1590
277.5	260	5630
280	260	14710
282.5	260	27500
285	260	34220
287.5	260	28160
290	260	15790
292.5	260	5780
295	260	2580
297.5	260	1920
300	260	1560
302.5	260	1680
305	260	1910
307.5	260	1750
310	260	1780
312.5	260	1690
315	260	1840
317.5	260	2000
320	260	1930
322.5	260	1640
325	260	1680
327.5	260	1470
330	260	1370
332.5	260	1400
335	260	1250
337.5	260	1170
340	260	1160
342.5	260	1200
345	260	980
347.5	260	1140
350	260	930
352.5	260	1190
355	260	1020
357.5	260	1140
360	260	940
362.5	260	980
365	260	1010
367.5	260	1020
370	260	800
372.5	260	990
375	260	970
377.5	260	860
380	260	1100
382.5	260	890
385	260	850
387.5	260	850
390	260	1040
392.5	260	950
395	260	1000
397.5	260	780
400	260	1040
402.5	260	1070
405	260	860
407.5	260	1200
410	260	1080
412.5	260	1360
415	260	1130
417.5	260	870
420	260	1090
422.5	260	1210
425	260	1270
427.5	260	1200
430	260	1270
432.5	260	1070
435	260	1100
437.5	260	1040
440	260	1150
442.5	260	1150
445	260	1110
447.5	260	920
450	260	1060
452.5	260	1080
455	260	920
457.5	260	930
460	260	1000
462.5	260	850
465	260	920
467.5	260	890
470	260	830
472.5	260	780
475	260	640
477.5	260	750
480	260	670
482.5	260	810
485	260	650
487.5	260	600
490	260	590
492.5	260	640
495	260	680
497.5	260	620
500	260	530
502.5	260	670
505	260	600
507.5	260	1160
510	260	3950
512.5	260	11040
515	260	24980
517.5	260	40800
520	260	54490
522.5	260	54990
525	260	46100
527.5	260	31790
530	260	16280
532.5	260	5810
535	260	1840
537.5	260	1350
540	260	1170
542.5	260	980
545	260	1010
547.5	260	1160
550	260	950
250	265	400
252.5	265	400
255	265	860
257.5	265	7450
260	265	27480
262.5	265	56050
265	265	70020
267.5	265	50910
270	265	21660
272.5	265	5210
275	265	1760
277.5	265	1650
280	265	2360
282.5	265	7010
285	265	21300
287.5	265	45090
290	265	60570
292.5	265	55650
295	265	35900
297.5	265	15450
300	265	5180
302.5	265	2810
305	265	2750
307.5	265	2550
310	265	2200
312.5	265	2240
315	265	2320
317.5	265	2260
320	265	2390
322.5	265	2140
325	265	2300
327.5	265	2010
330	265	2090
332.5	265	1790
335	265	1680
337.5	265	1670
340	265	1400
342.5	265	1450
345	265	1610
347.5	265	1490
350	265	1610
352.5	265	1260
355	265	1270
357.5	265	1210
360	265	1510
362.5	265	1330
365	265	1120
367.5	265	1310
370	265	1290
372.5	265	1330
375	265	1170
377.5	265	1260
380	265	900
382.5	265	1480
385	265	1300
387.5	265	1390
390	265	1260
392.5	265	1390
395	265	1400
397.5	265	1520
400	265	1530
402.5	265	1420
405	265	1550
407.5	265	1620
410	265	1820
412.5	265	1780
415	265	1670
417.5	265	1800
420	265	1640
422.5	265	1790
425	265	1610
427.5	265	1730
430	265	1800
432.5	265	1950
435	265	1720
437.5	265	1610
440	265	1520
442.5	265	1660
445	265	1580
447.5	265	1460
450	265	1270
452.5	265	1310
455	265	1260
457.5	265	1120
460	265	1190
462.5	265	1240
465	265	1240
467.5	265	1270
470	265	1460
472.5	265	1050
475	265	1140
477.5	265	1020
480	265	1070
482.5	265	950
485	265	1120
487.5	265	1040
490	265	1070
492.5	265	840
495	265	730
497.5	265	860
500	265	600
502.5	265	680
505	265	760
507.5	265	710
510	265	790
512.5	265	1010
515	265	940
517.5	265	2770
520	265	9510
522.5	265	26760
525	265	52680
527.5	265	80700
530	265	101010
532.5	265	103710
535	265	85790
537.5	265	57950
540	265	30060
542.5	265	11150
545	265	3520
547.5	265	1810
550	265	2010
250	270	410
252.5	270	540
255	270	420
257.5	270	340
260	270	1760
262.5	270	13780
265	270	53720
267.5	270	108530
270	270	138670
272.5	270	103740
275	270	42950
277.5	270	9680
280	270	2830
282.5	270	2680
285	270	3430
287.5	270	7930
290	270	24630
292.5	270	58140
295	270	90360
297.5	270	93860
300	270	68340
302.5	270	35260
305	270	14190
307.5	270	6280
310	270	4370
312.5	270	3670
315	270	3460
317.5	270	3310
320	270	3200
322.5	270	3090
325	270	2870
327.5	270	3140
330	270	3060
332.5	270	2950
335	270	2590
337.5	270	2250
340	270	2400
342.5	270	2190
345	270	2450
347.5	270	2240
350	270	2020
352.5	270	2080
355	270	1940
357.5	270	1660
360	270	1590
362.5	270	1940
365	270	1700
367.5	270	1660
370	270	1610
372.5	270	1650
375	270	1590
377.5	270	1650
380	270	1600
382.5	270	1510
385	270	1570
387.5	270	1670
390	270	1680
392.5	270	1740
395	270	2050
397.5	270	1950
400	270	2130
402.5	270	2530
405	270	2090
407.5	270	2070
410	270	2420
412.5	270	2100
415	270	2400
417.5	270	2280
420	270	2500
422.5	270	2320
425	270	2250
427.5	270	2360
430	270	2620
432.5	270	2410
435	270	2160
437.5	270	2280
440	270	2220
442.5	270	2040
445	270	2130
447.5	270	2100
450	270	2130
452.5	270	1740
455	270	1680
457.5	270	2010
460	270	1570
462.5	270	1610
465	270	1430
467.5	270	1640
470	270	1730
472.5	270	1450
475	270	1270
477.5	270	1370
480	270	1290
482.5	270	1130
485	270	1260
487.5	270	1210
490	270	1150
492.5	270	1160
495	270	970
497.5	270	910
500	270	1100
502.5	270	910
505	270	890
507.5	270	860
510	270	950
512.5	270	970
515	270	820
517.5	270	830
520	270	760
522.5	270	840
525	270	1170
527.5	270	3570
530	270	15190
532.5	270	42100
535	270	83120
537.5	270	126090
540	270	160200
542.5	270	168260
545	270	141460
547.5	270	95150
550	270	50660
250	275	530
252.5	275	440
255	275	610
257.5	275	550
260	275	510
262.5	275	710
265	275	2800
267.5	275	21890
270	275	88800
272.5	275	195850
275	275	244120
277.5	275	183240
280	275	75840
282.5	275	17460
285	275	4870
287.5	275	4350
290	275	5310
292.5	275	8370
295	275	24230
297.5	275	61560
300	275	110540
302.5	275	136440
305	275	120840
307.5	275	75470
310	275	34100
312.5	275	14260
315	275	7320
317.5	275	6260
320	275	5160
322.5	275	5170
325	275	4930
327.5	275	4780
330	275	4680
332.5	275	4420
335	275	4460
337.5	275	3730
340	275	3940
342.5	275	3400
345	275	3230
347.5	275	2800
350	275	3080
352.5	275	2800
355	275	2260
357.5	275	2620
360	275	2340
362.5	275	2460
365	275	2310
367.5	275	1900
370	275	2400
372.5	275	2480
375	275	2340
377.5	275	2140
380	275	2140
382.5	275	2130
385	275	1990
387.5	275	2320
390	275	2390
392.5	275	2460
395	275	2170
397.5	275	2330
400	275	2520
402.5	275	2810
405	275	2630
407.5	275	3060
410	275	3120
412.5	275	3000
415	275	3160
417.5	275	2860
420	275	3110
422.5	275	2980
425	275	2830
427.5	275	2930
430	275	3180
432.5	275	2950
435	275	2750
437.5	275	3150
440	275	2980
442.5	275	2760
445	275	2560
447.5	275	2750
450	275	2600
452.5	275	2240
455	275	2350
457.5	275	2040
460	275	2260
462.5	275	2090
465	275	1680
467.5	275	1810
470	275	1840
472.5	275	1870
475	275	1500
477.5	275	1730
480	275	1520
482.5	275	1620
485	275	1320
487.5	275	1380
490	275	1350
492.5	275	1480
495	275	1090
497.5	275	1180
500	275	1270
502.5	275	1020
505	275	800
507.5	275	930
510	275	840
512.5	275	860
515	275	860
517.5	275	990
520	275	980
522.5	275	1040
525	275	990
527.5	275	940
530	275	800
532.5	275	980
535	275	1290
537.5	275	3630
540	275	17400
542.5	275	51850
545	275	110100
547.5	275	179120
550	275	234310
250	280	580
252.5	280	540
255	280	600
257.5	280	480
260	280	610
262.5	280	690
265	280	770
267.5	280	870
270	280	3690
272.5	280	36130
275	280	147900
277.5	280	313050
280	280	386330
282.5	280	271550
285	280	106120
287.5	280	22870
290	280	7270
292.5	280	6910
295	280	7040
297.5	280	9800
300	280	23060
302.5	280	59720
305	280	119990
307.5	280	171250
310	280	173040
312.5	280	125400
315	280	66870
317.5	280	27080
320	280	11980
322.5	280	7990
325	280	7340
327.5	280	6300
330	280	6290
332.5	280	6320
335	280	5370
337.5	280	5010
340	280	4770
342.5	280	4850
345	280	4370
347.5	280	4170
350	280	4180
352.5	280	4190
355	280	3590
357.5	280	3310
360	280	3190
362.5	280	3070
365	280	2670
367.5	280	2920
370	280	2730
372.5	280	2700
375	280	2770
377.5	280	2390
380	280	2600
382.5	280	2630
385	280	2720
387.5	280	2650
390	280	2520
392.5	280	2540
395	280	2600
397.5	280	2970
400	280	2990
402.5	280	3070
405	280	3450
407.5	280	3330
410	280	3480
412.5	280	3360
415	280	3230
417.5	280	3350
420	280	3610
422.5	280	3150
425	280	3010
427.5	280	3640
430	280	3530
432.5	280	3020
435	280	3490
437.5	280	3360
440	280	3180
442.5	280	3060
445	280	2620
447.5	280	2910
450	280	2970
452.5	280	2770
455	280	2630
457.5	280	2430
460	280	2130
462.5	280	2290
465	280	2320
467.5	280	2410
470	280	2020
472.5	280	1980
475	280	1910
477.5	280	1940
480	280	1630
482.5	280	1590
485	280	1950
487.5	280	1620
490	280	1650
492.5	280	1400
495	280	1610
497.5	280	1420
500	280	1290
502.5	280	1110
505	280	1140
507.5	280	1080
510	280	1190
512.5	280	1270
515	280	930
517.5	280	1010
520	280	1080
522.5	280	1080
525	280	1020
527.5	280	1040
530	280	1040
532.5	280	1000
535	280	970
537.5	280	1080
540	280	880
542.5	280	1220
545	280	1200
547.5	280	4540
550	280	24430
250	285	500
252.5	285	640
255	285	610
257.5	285	550
260	285	590
262.5	285	480
265	285	720
267.5	285	870
270	285	780
272.5	285	1020
275	285	5820
277.5	285	57390
280	285	233140
282.5	285	479450
285	285	556030
287.5	285	367980
290	285	132020
292.5	285	28030
295	285	9840
297.5	285	9170
300	285	10160
302.5	285	10950
305	285	19350
307.5	285	51690
310	285	114340
312.5	285	185420
315	285	216130
317.5	285	182920
320	285	109630
322.5	285	50960
325	285	20040
327.5	285	10620
330	285	8850
332.5	285	7310
335	285	6600
337.5	285	6120
340	285	5920
342.5	285	5770
345	285	5380
347.5	285	5130
350	285	4860
352.5	285	4390
355	285	5200
357.5	285	4580
360	285	4320
362.5	285	3780
365	285	3640
367.5	285	3400
370	285	3330
372.5	285	3120
375	285	3070
377.5	285	3150
380	285	3170
382.5	285	2970
385	285	2910
387.5	285	3210
390	285	3330
392.5	285	3080
395	285	3120
397.5	285	3490
400	285	3540
402.5	285	3570
405	285	3870
407.5	285	4140
410	285	4150
412.5	285	4240
415	285	4370
417.5	285	4270
420	285	4270
422.5	285	4400
425	285	3940
427.5	285	4470
430	285	4100
432.5	285	3950
435	285	3890
437.5	285	4060
440	285	4100
442.5	285	4030
445	285	3690
447.5	285	3470
450	285	3420
452.5	285	2980
455	285	2840
457.5	285	2930
460	285	3000
462.5	285	2710
465	285	2680
467.5	285	2850
470	285	2370
472.5	285	2420
475	285	2070
477.5	285	2220
480	285	2020
482.5	285	1950
485	285	1900
487.5	285	2020
490	285	1720
492.5	285	1730
495	285	1890
497.5	285	1590
500	285	1480
502.5	285	1580
505	285	1320
507.5	285	1430
510	285	1390
512.5	285	1270
515	285	1180
517.5	285	1310
520	285	1190
522.5	285	1180
525	285	1100
527.5	285	1120
530	285	930
532.5	285	860
535	285	1010
537.5	285	1000
540	285	850
542.5	285	1340
545	285	1270
547.5	285	1150
550	285	1080
250	290	530
252.5	290	600
255	290	600
257.5	290	640
260	290	700
262.5	290	650
265	290	760
267.5	290	870
270	290	780
272.5	290	730
275	290	870
277.5	290	1270
280	290	8760
282.5	290	89710
285	290	353520
287.5	290	681780
290	290	756300
292.5	290	485650
295	290	171580
297.5	290	32920
300	290	11080
302.5	290	11110
305	290	11090
307.5	290	11280
310	290	14880
312.5	290	37490
315	290	93740
317.5	290	179770
320	290	248190
322.5	290	245420
325	290	178030
327.5	290	89860
330	290	36880
332.5	290	15170
335	290	9130
337.5	290	8060
340	290	7030
342.5	290	6350
345	290	6680
347.5	290	5810
350	290	5450
352.5	290	5190
355	290	5470
357.5	290	5420
360	290	5080
362.5	290	4590
365	290	4300
367.5	290	4340
370	290	3770
372.5	290	3880
375	290	3730
377.5	290	4180
380	290	3800
382.5	290	3810
385	290	3590
387.5	290	3730
390	290	3470
392.5	290	4130
395	290	3540
397.5	290	4010
400	290	4740
402.5	290	4840
405	290	4790
407.5	290	5060
410	290	5070
412.5	290	5780
415	290	5880
417.5	290	5300
420	290	5720
422.5	290	5600
425	290	5290
427.5	290	5530
430	290	5420
432.5	290	4990
435	290	4930
437.5	290	5270
440	290	5160
442.5	290	5020
445	290	4980
447.5	290	4500
450	290	4440
452.5	290	4510
455	290	4270
457.5	290	4190
460	290	3760
462.5	290	3470
465	290	3530
467.5	290	3120
470	290	3390
472.5	290	3090
475	290	2880
477.5	290	2770
480	290	2380
482.5	290	2260
485	290	2020
487.5	290	2380
490	290	1960
492.5	290	2030
495	290	2090
497.5	290	1900
500	290	1800
502.5	290	1730
505	290	1780
507.5	290	1640
510	290	1840
512.5	290	1520
515	290	1440
517.5	290	1380
520	290	1150
522.5	290	1210
525	290	1330
527.5	290	1260
530	290	1320
532.5	290	1160
535	290	1130
537.5	290	1240
540	290	1350
542.5	290	1150
545	290	1000
547.5	290	1170
550	290	1250
250	295	610
252.5	295	580
255	295	740
257.5	295	680
260	295	710
262.5	295	810
265	295	830
267.5	295	780
270	295	610
272.5	295	810
275	295	710
277.5	295	830
280	295	1180
282.5	295	1780
285	295	15530
287.5	295	139280
290	295	498160
292.5	295	898220
295	295	933290
297.5	295	587130
300	295	194240
302.5	295	39570
305	295	12840
307.5	295	12310
310	295	12750
312.5	295	11780
315	295	13320
317.5	295	27540
320	295	74340
322.5	295	159320
325	295	254450
327.5	295	290520
330	295	242550
332.5	295	143310
335	295	60400
337.5	295	22650
340	295	11370
342.5	295	8300
345	295	7480
347.5	295	6560
350	295	5820
352.5	295	5750
355	295	5220
357.5	295	5120
360	295	5260
362.5	295	4820
365	295	4810
367.5	295	5430
370	295	5310
372.5	295	5200
375	295	4940
377.5	295	5130
380	295	5120
382.5	295	5510
385	295	5850
387.5	295	6080
390	295	6400
392.5	295	6990
395	295	7930
397.5	295	7880
400	295	7610
402.5	295	8920
405	295	9590
407.5	295	9340
410	295	10340
412.5	295	9670
415	295	10370
417.5	295	10530
420	295	10710
422.5	295	10190
425	295	10250
427.5	295	10260
430	295	10200
432.5	295	10370
435	295	10200
437.5	295	10400
440	295	9780
442.5	295	9650
445	295	8820
447.5	295	8650
450	295	8480
452.5	295	8170
455	295	7380
457.5	295	7230
460	295	6680
462.5	295	6550
465	295	6430
467.5	295	6230
470	295	5500
472.5	295	5720
475	295	5120
477.5	295	4700
480	295	4300
482.5	295	4600
485	295	4100
487.5	295	3900
490	295	3700
492.5	295	3270
495	295	3170
497.5	295	2950
500	295	2970
502.5	295	2860
505	295	2400
507.5	295	2460
510	295	2400
512.5	295	2150
515	295	2000
517.5	295	2270
520	295	1780
522.5	295	1940
525	295	1580
527.5	295	1690
530	295	1710
532.5	295	1750
535	295	1570
537.5	295	1400
540	295	1510
542.5	295	1500
545	295	1380
547.5	295	1350
550	295	1280
250	300	690
252.5	300	760
255	300	650
257.5	300	550
260	300	630
262.5	300	590
265	300	650
267.5	300	840
270	300	630
272.5	300	680
275	300	870
277.5	300	1030
280	300	900
282.5	300	1070
285	300	1380
287.5	300	1930
290	300	23930
292.5	300	194500
295	300	639830
297.5	300	1123710
300	300	1149540
302.5	300	705400
305	300	235140
307.5	300	46130
310	300	16200
312.5	300	14390
315	300	13870
317.5	300	13400
320	300	13390
322.5	300	19430
325	300	51710
327.5	300	128040
330	300	237530
332.5	300	322000
335	300	302450
337.5	300	204320
340	300	95610
342.5	300	36130
345	300	14430
347.5	300	8700
350	300	7080
352.5	300	6200
355	300	6040
357.5	300	5630
360	300	5820
362.5	300	5520
365	300	4900
367.5	300	5830
370	300	5610
372.5	300	6340
375	300	7350
377.5	300	7600
380	300	7990
382.5	300	7840
385	300	9120
387.5	300	9310
390	300	10300
392.5	300	10320
395	300	11200
397.5	300	11750
400	300	12540
402.5	300	14110
405	300	14080
407.5	300	15110
410	300	15890
412.5	300	15850
415	300	15600
417.5	300	15860
420	300	16560
422.5	300	15810
425	300	16590
427.5	300	16460
430	300	16060
432.5	300	15760
435	300	14460
437.5	300	14280
440	300	14850
442.5	300	13570
445	300	13320
447.5	300	13690
450	300	12070
452.5	300	11420
455	300	11600
457.5	300	10920
460	300	10090
462.5	300	9580
465	300	9360
467.5	300	8800
470	300	8200
472.5	300	7440
475	300	6880
477.5	300	6360
480	300	5960
482.5	300	6190
485	300	5590
487.5	300	5020
490	300	4760
492.5	300	4630
495	300	4140
497.5	300	4310
500	300	3680
502.5	300	3390
505	300	3310
507.5	300	3050
510	300	2910
512.5	300	3010
515	300	2650
517.5	300	2350
520	300	2420
522.5	300	2460
525	300	2080
527.5	300	2080
530	300	2190
532.5	300	1470
535	300	1760
537.5	300	1800
540	300	1720
542.5	300	1400
545	300	1490
547.5	300	1740
550	300	1200
250	305	540
252.5	305	600
255	305	630
257.5	305	720
260	305	860
262.5	305	650
265	305	770
267.5	305	860
270	305	730
272.5	305	900
275	305	910
277.5	305	790
280	305	850
282.5	305	970
285	305	1260
287.5	305	1070
290	305	1170
292.5	305	2700
295	305	30370
297.5	305	239120
300	305	780420
302.5	305	1344030
305	305	1377160
307.5	305	844740
310	305	306160
312.5	305	63820
315	305	17190
317.5	305	14170
320	305	13990
322.5	305	13820
325	305	12460
327.5	305	15090
330	305	31610
332.5	305	90610
335	305	200800
337.5	305	313490
340	305	345970
342.5	305	275880
345	305	153560
347.5	305	61790
350	305	23020
352.5	305	10370
355	305	7980
357.5	305	6470
360	305	6270
362.5	305	5900
365	305	6320
367.5	305	6530
370	305	6990
372.5	305	7140
375	305	7510
377.5	305	8380
380	305	8700
382.5	305	10380
385	305	11330
387.5	305	11730
390	305	13130
392.5	305	14230
395	305	15110
397.5	305	16460
400	305	16850
402.5	305	17800
405	305	19170
407.5	305	19180
410	305	20730
412.5	305	21290
415	305	20790
417.5	305	21550
420	305	22210
422.5	305	20990
425	305	21860
427.5	305	22230
430	305	20560
432.5	305	20130
435	305	19870
437.5	305	20370
440	305	19260
442.5	305	18280
445	305	18350
447.5	305	16730
450	305	15820
452.5	305	15970
455	305	14660
457.5	305	13240
460	305	13340
462.5	305	11970
465	305	11940
467.5	305	10940
470	305	10450
472.5	305	9240
475	305	9160
477.5	305	8080
480	305	7890
482.5	305	7180
485	305	6880
487.5	305	6630
490	305	5670
492.5	305	5980
495	305	5370
497.5	305	5040
500	305	4620
502.5	305	4740
505	305	4140
507.5	305	3940
510	305	3640
512.5	305	3230
515	305	2950
517.5	305	2670
520	305	2760
522.5	305	2370
525	305	2520
527.5	305	2460
530	305	2500
532.5	305	2110
535	305	2230
537.5	305	1550
540	305	1810
542.5	305	1950
545	305	1580
547.5	305	1560
550	305	1570
250	310	620
252.5	310	570
255	310	570
257.5	310	640
260	310	660
262.5	310	840
265	310	720
267.5	310	700
270	310	690
272.5	310	890
275	310	820
277.5	310	840
280	310	950
282.5	310	1000
285	310	990
287.5	310	840
290	310	960
292.5	310	1300
295	310	1870
297.5	310	2750
300	310	38980
302.5	310	287710
305	310	915820
307.5	310	1569620
310	310	1627380
312.5	310	1049940
315	310	382630
317.5	310	75570
320	310	16980
322.5	310	13550
325	310	12760
327.5	310	11760
330	310	11330
332.5	310	10810
335	310	20760
337.5	310	61650
340	310	165970
342.5	310	295270
345	310	380700
347.5	310	347030
350	310	224850
352.5	310	102650
355	310	38650
357.5	310	14950
360	310	8920
362.5	310	6930
365	310	6500
367.5	310	6070
370	310	6580
372.5	310	6370
375	310	7060
377.5	310	6930
380	310	8390
382.5	310	8300
385	310	9650
387.5	310	10510
390	310	11550
392.5	310	12670
395	310	13980
397.5	310	13990
400	310	14840
402.5	310	15820
405	310	16590
407.5	310	16860
410	310	17040
412.5	310	17350
415	310	17940
417.5	310	18410
420	310	17990
422.5	310	18460
425	310	18390
427.5	310	17670
430	310	17170
432.5	310	17460
435	310	17220
437.5	310	16430
440	310	15820
442.5	310	15860
445	310	14680
447.5	310	14050
450	310	13760
452.5	310	13290
455	310	11870
457.5	310	12050
460	310	11080
462.5	310	10360
465	310	10180
467.5	310	9520
470	310	8580
472.5	310	8040
475	310	7990
477.5	310	6960
480	310	6680
482.5	310	6610
485	310	5780
487.5	310	5650
490	310	5150
492.5	310	4720
495	310	4870
497.5	310	4670
500	310	4090
502.5	310	3930
505	310	3350
507.5	310	3480
510	310	3040
512.5	310	2900
515	310	2620
517.5	310	2930
520	310	2400
522.5	310	2290
525	310	2270
527.5	310	2030
530	310	2100
532.5	310	2050
535	310	1910
537.5	310	1820
540	310	1360
542.5	310	1520
545	310	1550
547.5	310	1530
550	310	1520
250	315	700
252.5	315	810
255	315	610
257.5	315	530
260	315	670
262.5	315	640
265	315	700
267.5	315	770
270	315	770
272.5	315	840
275	315	760
277.5	315	810
280	315	890
282.5	315	890
285	315	970
287.5	315	840
290	315	950
292.5	315	1240
295	315	1240
297.5	315	1430
300	315	1780
302.5	315	2880
305	315	40800
307.5	315	308340
310	315	980170
312.5	315	1725190
315	315	1863720
317.5	315	1238140
320	315	456120
322.5	315	89230
325	315	18300
327.5	315	14290
330	315	12740
332.5	315	12110
335	315	10790
337.5	315	10100
340	315	13640
342.5	315	39420
345	315	118230
347.5	315	251410
350	315	375390
352.5	315	396260
355	315	311470
357.5	315	173940
360	315	72420
362.5	315	26470
365	315	12180
367.5	315	9220
370	315	7340
372.5	315	6800
375	315	6830
377.5	315	6510
380	315	7190
382.5	315	7170
385	315	7540
387.5	315	8320
390	315	8800
392.5	315	9550
395	315	9640
397.5	315	10850
400	315	11690
402.5	315	12640
405	315	12550
407.5	315	14360
410	315	13600
412.5	315	13960
415	315	13640
417.5	315	14240
420	315	14220
422.5	315	14340
425	315	14160
427.5	315	13640
430	315	13900
432.5	315	14370
435	315	13740
437.5	315	13310
440	315	13080
442.5	315	11880
445	315	12390
447.5	315	11850
450	315	11330
452.5	315	10400
455	315	10260
457.5	315	9790
460	315	9180
462.5	315	8460
465	315	8460
467.5	315	8000
470	315	7110
472.5	315	6070
475	315	6140
477.5	315	5500
480	315	5580
482.5	315	5550
485	315	4920
487.5	315	4750
490	315	4550
492.5	315	4230
495	315	4030
497.5	315	3570
500	315	3700
502.5	315	3140
505	315	3090
507.5	315	3160
510	315	3310
512.5	315	2610
515	315	2650
517.5	315	2570
520	315	2100
522.5	315	1990
525	315	2150
527.5	315	2050
530	315	1660
532.5	315	1590
535	315	1720
537.5	315	1610
540	315	1590
542.5	315	1800
545	315	1450
547.5	315	1630
550	315	1700
250	320	650
252.5	320	830
255	320	810
257.5	320	780
260	320	640
262.5	320	690
265	320	680
267.5	320	780
270	320	780
272.5	320	740
275	320	650
277.5	320	670
280	320	840
282.5	320	970
285	320	870
287.5	320	830
290	320	1140
292.5	320	860
295	320	1120
297.5	320	1160
300	320	1220
302.5	320	1460
305	320	2170
307.5	320	3530
310	320	35300
312.5	320	294140
315	320	1018380
317.5	320	1876540
320	320	2086140
322.5	320	1413410
325	320	551460
327.5	320	111590
330	320	20660
332.5	320	15210
335	320	13120
337.5	320	12590
340	320	11440
342.5	320	10180
345	320	11360
347.5	320	24960
350	320	78650
352.5	320	192490
355	320	334150
357.5	320	423900
360	320	386250
362.5	320	265780
365	320	134580
367.5	320	53470
370	320	20730
372.5	320	11520
375	320	8480
377.5	320	7230
380	320	7020
382.5	320	6910
385	320	7540
387.5	320	7570
390	320	7520
392.5	320	8820
395	320	8810
397.5	320	9510
400	320	10350
402.5	320	11050
405	320	11910
407.5	320	12130
410	320	12540
412.5	320	12630
415	320	12160
417.5	320	12520
420	320	12740
422.5	320	12840
425	320	12810
427.5	320	13250
430	320	12390
432.5	320	13040
435	320	12390
437.5	320	12250
440	320	11950
442.5	320	11340
445	320	11170
447.5	320	10230
450	320	9940
452.5	320	9880
455	320	9200
457.5	320	8270
460	320	8240
462.5	320	7780
465	320	6860
467.5	320	7070
470	320	6540
472.5	320	6010
475	320	5970
477.5	320	5880
480	320	5270
482.5	320	4750
485	320	4560
487.5	320	4300
490	320	4220
492.5	320	4020
495	320	3600
497.5	320	3290
500	320	3500
502.5	320	2960
505	320	3080
507.5	320	3100
510	320	2580
512.5	320	2510
515	320	2390
517.5	320	2240
520	320	2460
522.5	320	2000
525	320	1980
527.5	320	2260
530	320	1820
532.5	320	1710
535	320	1690
537.5	320	1510
540	320	1550
542.5	320	1730
545	320	1550
547.5	320	1200
550	320	1520
250	325	810
252.5	325	630
255	325	690
257.5	325	740
260	325	630
262.5	325	750
265	325	660
267.5	325	740
270	325	770
272.5	325	680
275	325	770
277.5	325	810
280	325	650
282.5	325	730
285	325	780
287.5	325	920
290	325	1080
292.5	325	1030
295	325	1050
297.5	325	940
300	325	970
302.5	325	1060
305	325	1410
307.5	325	1700
310	325	1860
312.5	325	3430
315	325	29490
317.5	325	291690
320	325	1069390
322.5	325	2027980
325	325	2285780
327.5	325	1569730
330	325	629130
332.5	325	128560
335	325	22740
337.5	325	15540
340	325	13820
342.5	325	13640
345	325	13030
347.5	325	10760
350	325	10940
352.5	325	16780
355	325	48000
357.5	325	130740
360	325	265070
362.5	325	401240
365	325	434940
367.5	325	361650
370	325	222140
372.5	325	101890
375	325	37400
377.5	325	16770
380	325	10860
382.5	325	9180
385	325	7920
387.5	325	7480
390	325	7990
392.5	325	8490
395	325	9040
397.5	325	9410
400	325	10180
402.5	325	10600
405	325	11830
407.5	325	11660
410	325	12200
412.5	325	13060
415	325	12850
417.5	325	12310
420	325	13110
422.5	325	12840
425	325	13490
427.5	325	12930
430	325	13280
432.5	325	12790
435	325	12820
437.5	325	12280
440	325	12180
442.5	325	10920
445	325	10770
447.5	325	10480
450	325	10470
452.5	325	9400
455	325	9510
457.5	325	9580
460	325	8640
462.5	325	8540
465	325	7140
467.5	325	7550
470	325	6730
472.5	325	5880
475	325	6140
477.5	325	5550
480	325	5400
482.5	325	4660
485	325	4610
487.5	325	4340
490	325	4430
492.5	325	3950
495	325	3820
497.5	325	3590
500	325	3040
502.5	325	2980
505	325	3100
507.5	325	2610
510	325	2660
512.5	325	2730
515	325	2650
517.5	325	2280
520	325	2470
522.5	325	2040
525	325	1900
527.5	325	1850
530	325	1910
532.5	325	1640
535	325	1520
537.5	325	1550
540	325	1600
542.5	325	1520
545	325	1320
547.5	325	1540
550	325	1640
250	330	640
252.5	330	850
255	330	680
257.5	330	600
260	330	590
262.5	330	850
265	330	690
267.5	330	520
270	330	800
272.5	330	720
275	330	970
277.5	330	630
280	330	720
282.5	330	800
285	330	880
287.5	330	1000
290	330	1020
292.5	330	1050
295	330	950
297.5	330	960
300	330	1150
302.5	330	910
305	330	1260
307.5	330	1370
310	330	1610
312.5	330	1660
315	330	2280
317.5	330	3150
320	330	24320
322.5	330	260540
325	330	1018160
327.5	330	2080580
330	330	2474370
332.5	330	1810750
335	330	722410
337.5	330	148670
340	330	23460
342.5	330	16420
345	330	14080
347.5	330	13330
350	330	12430
352.5	330	11680
355	330	10900
357.5	330	11240
360	330	24490
362.5	330	71130
365	330	176400
367.5	330	313310
370	330	430220
372.5	330	425460
375	330	320690
377.5	330	180010
380	330	80790
382.5	330	30280
385	330	15410
387.5	330	11530
390	330	9700
392.5	330	9390
395	330	9510
397.5	330	9110
400	330	10630
402.5	330	10690
405	330	11150
407.5	330	12360
410	330	12660
412.5	330	12380
415	330	12960
417.5	330	12770
420	330	14030
422.5	330	13000
425	330	12760
427.5	330	13480
430	330	13640
432.5	330	13110
435	330	12390
437.5	330	12360
440	330	12630
442.5	330	11300
445	330	11510
447.5	330	10700
450	330	10550
452.5	330	9690
455	330	9410
457.5	330	8690
460	330	8960
462.5	330	8110
465	330	8010
467.5	330	7490
470	330	6740
472.5	330	6580
475	330	6370
477.5	330	5940
480	330	5520
482.5	330	5370
485	330	5090
487.5	330	4430
490	330	4150
492.5	330	4060
495	330	3640
497.5	330	3520
500	330	3510
502.5	330	3500
505	330	2890
507.5	330	3040
510	330	2730
512.5	330	2860
515	330	2760
517.5	330	2620
520	330	2220
522.5	330	2040
525	330	1710
527.5	330	2250
530	330	1830
532.5	330	1870
535	330	1860
537.5	330	1730
540	330	1530
542.5	330	1620
545	330	1460
547.5	330	1410
550	330	1430
250	335	620
252.5	335	670
255	335	750
257.5	335	660
260	335	610
262.5	335	710
265	335	840
267.5	335	850
270	335	880
272.5	335	640
275	335	680
277.5	335	710
280	335	810
282.5	335	640
285	335	990
287.5	335	720
290	335	1100
292.5	335	900
295	335	990
297.5	335	1060
300	335	1000
302.5	335	1270
305	335	1060
307.5	335	1120
310	335	1190
312.5	335	1390
315	335	1640
317.5	335	1820
320	335	2200
322.5	335	3010
325	335	22830
327.5	335	262180
330	335	1074650
332.5	335	2189060
335	335	2587990
337.5	335	1843350
340	335	697710
342.5	335	135270
345	335	23920
347.5	335	16430
350	335	14910
352.5	335	14360
355	335	14080
357.5	335	12080
360	335	11630
362.5	335	11050
365	335	15450
367.5	335	39260
370	335	108410
372.5	335	234110
375	335	371760
377.5	335	444580
380	335	388320
382.5	335	259920
385	335	133080
387.5	335	55750
390	335	21990
392.5	335	14380
395	335	11720
397.5	335	10480
400	335	11020
402.5	335	11270
405	335	11790
407.5	335	11820
410	335	13110
412.5	335	13150
415	335	13270
417.5	335	13310
420	335	12930
422.5	335	13120
425	335	12890
427.5	335	13220
430	335	13550
432.5	335	13690
435	335	13530
437.5	335	13220
440	335	12210
442.5	335	12660
445	335	11820
447.5	335	11300
450	335	9590
452.5	335	10270
455	335	9990
457.5	335	9140
460	335	8380
462.5	335	8260
465	335	8180
467.5	335	7270
470	335	6920
472.5	335	6810
475	335	6020
477.5	335	5750
480	335	5360
482.5	335	5370
485	335	4730
487.5	335	5130
490	335	4760
492.5	335	3810
495	335	3990
497.5	335	3670
500	335	3220
502.5	335	3240
505	335	2930
507.5	335	2740
510	335	2560
512.5	335	2720
515	335	2530
517.5	335	2190
520	335	2300
522.5	335	2220
525	335	2120
527.5	335	2100
530	335	1830
532.5	335	1560
535	335	1590
537.5	335	1810
540	335	1720
542.5	335	1540
545	335	1510
547.5	335	1520
550	335	1480
250	340	640
252.5	340	630
255	340	710
257.5	340	620
260	340	820
262.5	340	820
265	340	650
267.5	340	930
270	340	710
272.5	340	710
275	340	730
277.5	340	740
280	340	730
282.5	340	840
285	340	690
287.5	340	660
290	340	900
292.5	340	730
295	340	900
297.5	340	1000
300	340	970
302.5	340	1010
305	340	1100
307.5	340	1040
310	340	1220
312.5	340	1210
315	340	1160
317.5	340	1190
320	340	1460
322.5	340	1600
325	340	2040
327.5	340	3170
330	340	27620
332.5	340	296730
335	340	1198650
337.5	340	2356870
340	340	2732390
342.5	340	1809090
345	340	660560
347.5	340	118890
350	340	23500
352.5	340	16730
355	340	14990
357.5	340	15440
360	340	14540
362.5	340	12340
365	340	11620
367.5	340	10830
370	340	11730
372.5	340	23700
375	340	65560
377.5	340	162740
380	340	294420
382.5	340	413080
385	340	426930
387.5	340	339400
390	340	198880
392.5	340	87050
395	340	33810
397.5	340	18380
400	340	14400
402.5	340	12940
405	340	12660
407.5	340	11960
410	340	12610
412.5	340	13000
415	340	13180
417.5	340	13310
420	340	13680
422.5	340	12470
425	340	13170
427.5	340	13870
430	340	13690
432.5	340	14020
435	340	12980
437.5	340	13730
440	340	13120
442.5	340	12710
445	340	12570
447.5	340	11990
450	340	11510
452.5	340	10880
455	340	9930
457.5	340	9580
460	340	9340
462.5	340	8560
465	340	7830
467.5	340	7610
470	340	7060
472.5	340	6690
475	340	6430
477.5	340	5740
480	340	6270
482.5	340	5690
485	340	5150
487.5	340	4710
490	340	4900
492.5	340	4390
495	340	3860
497.5	340	3780
500	340	3360
502.5	340	3630
505	340	3690
507.5	340	2750
510	340	2780
512.5	340	2450
515	340	2690
517.5	340	2490
520	340	2320
522.5	340	2300
525	340	2250
527.5	340	2030
530	340	1910
532.5	340	1670
535	340	1970
537.5	340	1800
540	340	1530
542.5	340	1570
545	340	1440
547.5	340	1620
550	340	1290
250	345	710
252.5	345	690
255	345	770
257.5	345	670
260	345	650
262.5	345	690
265	345	620
267.5	345	570
270	345	750
272.5	345	670
275	345	750
277.5	345	790
280	345	590
282.5	345	690
285	345	710
287.5	345	930
290	345	700
292.5	345	710
295	345	1000
297.5	345	810
300	345	740
302.5	345	820
305	345	880
307.5	345	1170
310	345	1060
312.5	345	1170
315	345	1180
317.5	345	1250
320	345	1570
322.5	345	1450
325	345	1430
327.5	345	1800
330	345	2290
332.5	345	3520
335	345	28690
337.5	345	333450
340	345	1326240
342.5	345	2509170
345	345	2751480
347.5	345	1775630
350	345	624520
352.5	345	112660
355	345	25080
357.5	345	16580
360	345	16020
362.5	345	14930
365	345	15090
367.5	345	12930
370	345	12130
372.5	345	10960
375	345	10680
377.5	345	15110
380	345	37780
382.5	345	98890
385	345	218730
387.5	345	357930
390	345	431480
392.5	345	385170
395	345	260360
397.5	345	128920
400	345	53910
402.5	345	25290
405	345	17250
407.5	345	14670
410	345	14740
412.5	345	14410
415	345	13310
417.5	345	13190
420	345	12800
422.5	345	13130
425	345	13630
427.5	345	13320
430	345	14000
432.5	345	14010
435	345	13240
437.5	345	13660
440	345	13110
442.5	345	12610
445	345	12000
447.5	345	11630
450	345	11080
452.5	345	11450
455	345	10160
457.5	345	9480
460	345	8990
462.5	345	9150
465	345	8010
467.5	345	7630
470	345	7750
472.5	345	7310
475	345	6530
477.5	345	6400
480	345	6250
482.5	345	5170
485	345	5370
487.5	345	5510
490	345	4450
492.5	345	4410
495	345	4020
497.5	345	4030
500	345	3420
502.5	345	3460
505	345	3210
507.5	345	2980
510	345	2780
512.5	345	2870
515	345	2690
517.5	345	2450
520	345	2160
522.5	345	2210
525	345	2330
527.5	345	2100
530	345	2150
532.5	345	1730
535	345	1760
537.5	345	1550
540	345	1660
542.5	345	1560
545	345	1520
547.5	345	1520
550	345	1470
250	350	640
252.5	350	680
255	350	680
257.5	350	700
260	350	790
262.5	350	680
265	350	750
267.5	350	830
270	350	780
272.5	350	760
275	350	750
277.5	350	860
280	350	670
282.5	350	670
285	350	820
287.5	350	830
290	350	790
292.5	350	770
295	350	890
297.5	350	830
300	350	780
302.5	350	840
305	350	930
307.5	350	970
310	350	790
312.5	350	1020
315	350	1200
317.5	350	1070
320	350	1460
322.5	350	1310
325	350	1510
327.5	350	1370
330	350	1530
332.5	350	1620
335	350	2460
337.5	350	4090
340	350	38230
342.5	350	386060
345	350	1453630
347.5	350	2654810
350	350	2790710
352.5	350	1776610
355	350	619720
357.5	350	110340
360	350	24960
362.5	350	18050
365	350	16270
367.5	350	14800
370	350	13790
372.5	350	13910
375	350	12370
377.5	350	11440
380	350	9970
382.5	350	11040
385	350	20910
387.5	350	59300
390	350	146370
392.5	350	277320
395	350	388660
397.5	350	401500
400	350	316410
402.5	350	183330
405	350	82360
407.5	350	36100
410	350	21340
412.5	350	16390
415	350	15430
417.5	350	13970
420	350	13430
422.5	350	12620
425	350	12890
427.5	350	13300
430	350	13530
432.5	350	13630
435	350	12570
437.5	350	12670
440	350	12140
442.5	350	12220
445	350	11000
447.5	350	10890
450	350	10810
452.5	350	10410
455	350	10520
457.5	350	9560
460	350	9530
462.5	350	8550
465	350	7450
467.5	350	7660
470	350	7500
472.5	350	6900
475	350	6150
477.5	350	6130
480	350	5730
482.5	350	5480
485	350	5180
487.5	350	5020
490	350	4410
492.5	350	4620
495	350	3650
497.5	350	3550
500	350	3930
502.5	350	3260
505	350	3230
507.5	350	2950
510	350	2870
512.5	350	2710
515	350	2850
517.5	350	2800
520	350	2070
522.5	350	2270
525	350	1920
527.5	350	1970
530	350	2100
532.5	350	1970
535	350	2040
537.5	350	1590
540	350	1610
542.5	350	1400
545	350	1330
547.5	350	1380
550	350	1600
250	355	700
252.5	355	780
255	355	790
257.5	355	720
260	355	810
262.5	355	650
265	355	670
267.5	355	650
270	355	600
272.5	355	630
275	355	790
277.5	355	640
280	355	650
282.5	355	680
285	355	760
287.5	355	950
290	355	690
292.5	355	840
295	355	920
297.5	355	670
300	355	840
302.5	355	900
305	355	870
307.5	355	800
310	355	770
312.5	355	1020
315	355	940
317.5	355	1030
320	355	910
322.5	355	1210
325	355	1220
327.5	355	1350
330	355	1100
332.5	355	1420
335	355	1630
337.5	355	1610
340	355	2110
342.5	355	3880
345	355	47390
347.5	355	450450
350	355	1575840
352.5	355	2756450
355	355	2866130
357.5	355	1764050
360	355	609440
362.5	355	114440
365	355	25250
367.5	355	18380
370	355	14910
372.5	355	15080
375	355	14570
377.5	355	14410
380	355	12490
382.5	355	11380
385	355	10130
387.5	355	10550
390	355	14340
392.5	355	34400
395	355	96180
397.5	355	206600
400	355	328160
402.5	355	392950
405	355	354990
407.5	355	239450
410	355	125710
412.5	355	56670
415	355	26740
417.5	355	18810
420	355	15660
422.5	355	13370
425	355	11990
427.5	355	12620
430	355	11080
432.5	355	12650
435	355	11910
437.5	355	11450
440	355	11470
442.5	355	10950
445	355	10620
447.5	355	10120
450	355	9510
452.5	355	9870
455	355	8570
457.5	355	9080
460	355	7970
462.5	355	7660
465	355	7750
467.5	355	7360
470	355	6830
472.5	355	6960
475	355	6170
477.5	355	5420
480	355	5380
482.5	355	4800
485	355	4730
487.5	355	4540
490	355	4460
492.5	355	3710
495	355	3820
497.5	355	3680
500	355	3420
502.5	355	3240
505	355	3060
507.5	355	3020
510	355	2540
512.5	355	2590
515	355	2570
517.5	355	2440
520	355	2250
522.5	355	2490
525	355	1870
527.5	355	1810
530	355	2060
532.5	355	1960
535	355	1660
537.5	355	1370
540	355	1690
542.5	355	1560
545	355	1620
547.5	355	1440
550	355	1450
250	360	640
252.5	360	660
255	360	690
257.5	360	730
260	360	720
262.5	360	660
265	360	600
267.5	360	580
270	360	690
272.5	360	690
275	360	540
277.5	360	630
280	360	720
282.5	360	670
285	360	740
287.5	360	690
290	360	660
292.5	360	740
295	360	810
297.5	360	700
300	360	860
302.5	360	770
305	360	760
307.5	360	800
310	360	810
312.5	360	910
315	360	880
317.5	360	1010
320	360	1020
322.5	360	1050
325	360	1300
327.5	360	1130
330	360	1040
332.5	360	1130
335	360	1180
337.5	360	1410
340	360	1830
342.5	360	1970
345	360	2740
347.5	360	4220
350	360	51250
352.5	360	462890
355	360	1597740
357.5	360	2828640
360	360	2930510
362.5	360	1876050
365	360	683610
367.5	360	132300
370	360	28510
372.5	360	19180
375	360	14930
377.5	360	14320
380	360	14190
382.5	360	13600
385	360	12970
387.5	360	11670
390	360	11010
392.5	360	9630
395	360	11290
397.5	360	21770
400	360	56680
402.5	360	137560
405	360	250770
407.5	360	354750
410	360	368280
412.5	360	297380
415	360	183160
417.5	360	91650
420	360	40890
422.5	360	22050
425	360	16150
427.5	360	13510
430	360	12300
432.5	360	11040
435	360	10660
437.5	360	10250
440	360	10730
442.5	360	9380
445	360	8950
447.5	360	8710
450	360	8690
452.5	360	7820
455	360	7760
457.5	360	7530
460	360	7780
462.5	360	7060
465	360	6770
467.5	360	6430
470	360	6320
472.5	360	5360
475	360	5910
477.5	360	5430
480	360	5270
482.5	360	4660
485	360	4230
487.5	360	4480
490	360	3700
492.5	360	4030
495	360	3650
497.5	360	3370
500	360	3160
502.5	360	3180
505	360	2930
507.5	360	2420
510	360	2780
512.5	360	2370
515	360	2530
517.5	360	2110
520	360	2190
522.5	360	2050
525	360	2180
527.5	360	1800
530	360	1880
532.5	360	1550
535	360	1750
537.5	360	1690
540	360	1760
542.5	360	1600
545	360	1300
547.5	360	1500
550	360	1200
250	365	720
252.5	365	610
255	365	600
257.5	365	640
260	365	610
262.5	365	600
265	365	750
267.5	365	560
270	365	490
272.5	365	610
275	365	810
277.5	365	820
280	365	710
282.5	365	640
285	365	710
287.5	365	650
290	365	660
292.5	365	730
295	365	710
297.5	365	870
300	365	710
302.5	365	960
305	365	630
307.5	365	690
310	365	940
312.5	365	880
315	365	850
317.5	365	710
320	365	860
322.5	365	1050
325	365	980
327.5	365	930
330	365	930
332.5	365	960
335	365	1230
337.5	365	1260
340	365	1440
342.5	365	1510
345	365	1650
347.5	365	1900
350	365	2350
352.5	365	4960
355	365	53020
357.5	365	496450
360	365	1644980
362.5	365	2869590
365	365	3043110
367.5	365	2018310
370	365	771560
372.5	365	151530
375	365	28060
377.5	365	20000
380	365	14660
382.5	365	13410
385	365	14090
387.5	365	13810
390	365	13000
392.5	365	11980
395	365	11420
397.5	365	10090
400	365	11110
402.5	365	14630
405	365	33950
407.5	365	87040
410	365	180700
412.5	365	280310
415	365	343540
417.5	365	326540
420	365	238620
422.5	365	141020
425	365	66080
427.5	365	29850
430	365	17360
432.5	365	13800
435	365	11170
437.5	365	9980
440	365	9410
442.5	365	8670
445	365	8210
447.5	365	7350
450	365	7420
452.5	365	7280
455	365	6650
457.5	365	6880
460	365	6470
462.5	365	5940
465	365	5270
467.5	365	5340
470	365	5300
472.5	365	4480
475	365	4590
477.5	365	4440
480	365	4840
482.5	365	4610
485	365	4160
487.5	365	4430
490	365	3630
492.5	365	3820
495	365	3400
497.5	365	3550
500	365	3210
502.5	365	3090
505	365	2860
507.5	365	2850
510	365	2620
512.5	365	2340
515	365	2110
517.5	365	2100
520	365	2030
522.5	365	1780
525	365	1870
527.5	365	1680
530	365	1600
532.5	365	1540
535	365	1540
537.5	365	1700
540	365	1300
542.5	365	1500
545	365	1340
547.5	365	1240
550	365	1200
250	370	720
252.5	370	520
255	370	480
257.5	370	690
260	370	770
262.5	370	630
265	370	710
267.5	370	710
270	370	680
272.5	370	650
275	370	580
277.5	370	580
280	370	770
282.5	370	580
285	370	660
287.5	370	610
290	370	770
292.5	370	720
295	370	730
297.5	370	700
300	370	700
302.5	370	750
305	370	780
307.5	370	720
310	370	750
312.5	370	830
315	370	760
317.5	370	970
320	370	830
322.5	370	770
325	370	780
327.5	370	820
330	370	1010
332.5	370	1110
335	370	1250
337.5	370	1150
340	370	1510
342.5	370	1140
345	370	1410
347.5	370	1410
350	370	1510
352.5	370	1660
355	370	2470
357.5	370	4480
360	370	51670
362.5	370	449950
365	370	1557150
367.5	370	2804580
370	370	3127510
372.5	370	2142450
375	370	828330
377.5	370	176570
380	370	29860
382.5	370	19160
385	370	14890
387.5	370	13390
390	370	13380
392.5	370	13330
395	370	13290
397.5	370	12250
400	370	10350
402.5	370	10070
405	370	9360
407.5	370	11090
410	370	19210
412.5	370	48280
415	370	110290
417.5	370	200820
420	370	290310
422.5	370	321040
425	370	286700
427.5	370	200200
430	370	108610
432.5	370	50810
435	370	23200
437.5	370	14220
440	370	11370
442.5	370	8870
445	370	8080
447.5	370	7250
450	370	6470
452.5	370	6890
455	370	5880
457.5	370	5330
460	370	5510
462.5	370	4930
465	370	5520
467.5	370	5000
470	370	4670
472.5	370	4390
475	370	3750
477.5	370	4140
480	370	3920
482.5	370	3810
485	370	3570
487.5	370	3580
490	370	3450
492.5	370	3210
495	370	3180
497.5	370	2890
500	370	2620
502.5	370	2600
505	370	2460
507.5	370	2410
510	370	2050
512.5	370	2440
515	370	2020
517.5	370	2160
520	370	1920
522.5	370	2070
525	370	1830
527.5	370	1660
530	370	1600
532.5	370	1640
535	370	1360
537.5	370	1580
540	370	1630
542.5	370	1360
545	370	1380
547.5	370	1220
550	370	1030
250	375	620
252.5	375	710
255	375	760
257.5	375	490
260	375	640
262.5	375	700
265	375	530
267.5	375	720
270	375	460
272.5	375	600
275	375	730
277.5	375	560
280	375	690
282.5	375	760
285	375	680
287.5	375	610
290	375	630
292.5	375	630
295	375	630
297.5	375	810
300	375	670
302.5	375	770
305	375	590
307.5	375	710
310	375	780
312.5	375	730
315	375	700
317.5	375	780
320	375	810
322.5	375	980
325	375	930
327.5	375	810
330	375	830
332.5	375	1020
335	375	1060
337.5	375	1070
340	375	1090
342.5	375	1140
345	375	1040
347.5	375	1170
350	375	1410
352.5	375	1250
355	375	1630
357.5	375	2040
360	375	2880
362.5	375	4670
365	375	45490
367.5	375	407530
370	375	1472950
372.5	375	2745560
375	375	3071970
377.5	375	2133330
380	375	847460
382.5	375	173020
385	375	29930
387.5	375	19250
390	375	14690
392.5	375	13150
395	375	13760
397.5	375	12630
400	375	12700
402.5	375	11080
405	375	9650
407.5	375	9900
410	375	9250
412.5	375	9970
415	375	12010
417.5	375	25410
420	375	63810
422.5	375	128510
425	375	217910
427.5	375	283820
430	375	298450
432.5	375	244840
435	375	156600
437.5	375	81980
440	375	35740
442.5	375	16750
445	375	11690
447.5	375	9100
450	375	7020
452.5	375	6360
455	375	5480
457.5	375	5140
460	375	5300
462.5	375	4890
465	375	5060
467.5	375	4570
470	375	4350
472.5	375	3940
475	375	4020
477.5	375	3330
480	375	3580
482.5	375	3150
485	375	3240
487.5	375	2950
490	375	3000
492.5	375	3020
495	375	3220
497.5	375	2890
500	375	2490
502.5	375	2560
505	375	2360
507.5	375	2460
510	375	2680
512.5	375	2420
515	375	2150
517.5	375	2020
520	375	1750
522.5	375	1640
525	375	1640
527.5	375	1650
530	375	1810
532.5	375	1660
535	375	1580
537.5	375	1410
540	375	1360
542.5	375	1200
545	375	1240
547.5	375	1060
550	375	1160
250	380	480
252.5	380	520
255	380	630
257.5	380	630
260	380	660
262.5	380	780
265	380	560
267.5	380	560
270	380	670
272.5	380	610
275	380	700
277.5	380	570
280	380	770
282.5	380	570
285	380	600
287.5	380	570
290	380	540
292.5	380	660
295	380	730
297.5	380	720
300	380	620
302.5	380	690
305	380	650
307.5	380	640
310	380	740
312.5	380	770
315	380	770
317.5	380	690
320	380	880
322.5	380	750
325	380	580
327.5	380	940
330	380	760
332.5	380	720
335	380	970
337.5	380	1040
340	380	900
342.5	380	1230
345	380	970
347.5	380	1290
350	380	1080
352.5	380	1130
355	380	1180
357.5	380	1480
360	380	1670
362.5	380	1650
365	380	2500
367.5	380	3770
370	380	33240
372.5	380	361070
375	380	1395690
377.5	380	2721720
380	380	3146520
382.5	380	2252600
385	380	934970
387.5	380	190930
390	380	30390
392.5	380	19120
395	380	14730
397.5	380	12030
400	380	11950
402.5	380	11930
405	380	12620
407.5	380	11080
410	380	10280
412.5	380	9510
415	380	9070
417.5	380	8010
420	380	9320
422.5	380	14380
425	380	31940
427.5	380	72230
430	380	140530
432.5	380	221270
435	380	267750
437.5	380	267210
440	380	201830
442.5	380	121330
445	380	58260
447.5	380	24240
450	380	12580
452.5	380	9270
455	380	7200
457.5	380	6040
460	380	5350
462.5	380	4680
465	380	4650
467.5	380	4050
470	380	3700
472.5	380	4280
475	380	3550
477.5	380	3520
480	380	2900
482.5	380	3200
485	380	2920
487.5	380	2850
490	380	2600
492.5	380	2530
495	380	2930
497.5	380	2760
500	380	2370
502.5	380	2680
505	380	2440
507.5	380	2490
510	380	2380
512.5	380	2250
515	380	1920
517.5	380	1880
520	380	2050
522.5	380	1790
525	380	1710
527.5	380	1660
530	380	1510
532.5	380	1510
535	380	1350
537.5	380	1590
540	380	1490
542.5	380	1410
545	380	1270
547.5	380	1370
550	380	1110
250	385	650
252.5	385	600
255	385	580
257.5	385	450
260	385	510
262.5	385	520
265	385	550
267.5	385	630
270	385	630
272.5	385	640
275	385	510
277.5	385	510
280	385	630
282.5	385	610
285	385	730
287.5	385	730
290	385	500
292.5	385	610
295	385	610
297.5	385	710
300	385	680
302.5	385	690
305	385	640
307.5	385	700
310	385	800
312.5	385	550
315	385	540
317.5	385	590
320	385	780
322.5	385	670
325	385	790
327.5	385	790
330	385	850
332.5	385	990
335	385	760
337.5	385	710
340	385	850
342.5	385	1130
345	385	1120
347.5	385	1150
350	385	1190
352.5	385	1280
355	385	1010
357.5	385	1180
360	385	1080
362.5	385	1420
365	385	1500
367.5	385	1950
370	385	2390
372.5	385	3840
375	385	26010
377.5	385	303470
380	385	1249410
382.5	385	2592630
385	385	3206130
387.5	385	2366770
390	385	993670
392.5	385	209260
395	385	31750
397.5	385	17930
400	385	14570
402.5	385	12090
405	385	11690
407.5	385	11690
410	385	11710
412.5	385	10710
415	385	9910
417.5	385	8970
420	385	8180
422.5	385	7570
425	385	7690
427.5	385	9020
430	385	14680
432.5	385	37680
435	385	79110
437.5	385	150170
440	385	216670
442.5	385	252490
445	385	229230
447.5	385	163200
450	385	92550
452.5	385	41230
455	385	16930
457.5	385	11020
460	385	7920
462.5	385	6420
465	385	5350
467.5	385	4530
470	385	3600
472.5	385	3750
475	385	3530
477.5	385	3250
480	385	3520
482.5	385	3090
485	385	2820
487.5	385	2860
490	385	2830
492.5	385	2300
495	385	2630
497.5	385	2460
500	385	2180
502.5	385	2050
505	385	2350
507.5	385	2020
510	385	2200
512.5	385	2140
515	385	1790
517.5	385	2100
520	385	1950
522.5	385	1710
525	385	1650
527.5	385	1740
530	385	1880
532.5	385	1550
535	385	1630
537.5	385	1410
540	385	1190
542.5	385	1430
545	385	1390
547.5	385	1120
550	385	1010
250	390	630
252.5	390	580
255	390	500
257.5	390	570
260	390	490
262.5	390	510
265	390	420
267.5	390	500
270	390	600
272.5	390	550
275	390	710
277.5	390	380
280	390	630
282.5	390	520
285	390	680
287.5	390	580
290	390	610
292.5	390	650
295	390	660
297.5	390	620
300	390	630
302.5	390	530
305	390	750
307.5	390	740
310	390	670
312.5	390	900
315	390	660
317.5	390	620
320	390	630
322.5	390	750
325	390	630
327.5	390	670
330	390	660
332.5	390	820
335	390	840
337.5	390	750
340	390	820
342.5	390	980
345	390	1040
347.5	390	1030
350	390	950
352.5	390	1210
355	390	1050
357.5	390	1090
360	390	1220
362.5	390	1090
365	390	1530
367.5	390	1470
370	390	1380
372.5	390	1880
375	390	2500
377.5	390	3880
380	390	20470
382.5	390	271890
385	390	1202340
387.5	390	2603850
390	390	3230660
392.5	390	2420850
395	390	975310
397.5	390	190700
400	390	29050
402.5	390	17920
405	390	13420
407.5	390	11950
410	390	10920
412.5	390	10930
415	390	10470
417.5	390	10230
420	390	9010
422.5	390	8810
425	390	8020
427.5	390	7670
430	390	7070
432.5	390	6870
435	390	9550
437.5	390	18520
440	390	44800
442.5	390	90950
445	390	157960
447.5	390	215790
450	390	229850
452.5	390	190820
455	390	126810
457.5	390	67290
460	390	28460
462.5	390	13750
465	390	8780
467.5	390	7170
470	390	5540
472.5	390	4450
475	390	3430
477.5	390	3490
480	390	3400
482.5	390	3270
485	390	3450
487.5	390	2710
490	390	2660
492.5	390	2710
495	390	2750
497.5	390	2680
500	390	2310
502.5	390	2540
505	390	2350
507.5	390	2020
510	390	2280
512.5	390	2040
515	390	2080
517.5	390	1750
520	390	1780
522.5	390	1720
525	390	1810
527.5	390	1580
530	390	1470
532.5	390	1900
535	390	1740
537.5	390	1640
540	390	1300
542.5	390	1180
545	390	1160
547.5	390	1000
550	390	1330
250	395	550
252.5	395	560
255	395	610
257.5	395	710
260	395	550
262.5	395	670
265	395	580
267.5	395	570
270	395	520
272.5	395	480
275	395	650
277.5	395	520
280	395	640
282.5	395	630
285	395	540
287.5	395	540
290	395	630
292.5	395	640
295	395	670
297.5	395	550
300	395	830
302.5	395	630
305	395	680
307.5	395	750
310	395	620
312.5	395	680
315	395	770
317.5	395	610
320	395	780
322.5	395	540
325	395	580
327.5	395	790
330	395	690
332.5	395	700
335	395	870
337.5	395	1000
340	395	680
342.5	395	870
345	395	960
347.5	395	760
350	395	830
352.5	395	940
355	395	1020
357.5	395	900
360	395	1040
362.5	395	990
365	395	1170
367.5	395	1190
370	395	1320
372.5	395	1560
375	395	1390
377.5	395	1830
380	395	2490
382.5	395	3880
385	395	20990
387.5	395	278920
390	395	1266990
392.5	395	2733380
395	395	3317660
397.5	395	2331620
400	395	906240
402.5	395	164700
405	395	26690
407.5	395	17720
410	395	13660
412.5	395	12010
415	395	10490
417.5	395	10710
420	395	10390
422.5	395	10860
425	395	8730
427.5	395	8250
430	395	8220
432.5	395	7580
435	395	7270
437.5	395	6380
440	395	6840
442.5	395	11420
445	395	25140
447.5	395	58500
450	395	113280
452.5	395	172450
455	395	215050
457.5	395	205200
460	395	152400
462.5	395	92120
465	395	44870
467.5	395	20030
470	395	10140
472.5	395	7380
475	395	6480
477.5	395	4760
480	395	4180
482.5	395	3230
485	395	3300
487.5	395	3010
490	395	3320
492.5	395	2860
495	395	2730
497.5	395	2450
500	395	2590
502.5	395	2000
505	395	2430
507.5	395	2030
510	395	2230
512.5	395	1880
515	395	2270
517.5	395	1950
520	395	1790
522.5	395	1690
525	395	1760
527.5	395	1900
530	395	1270
532.5	395	1640
535	395	1610
537.5	395	1490
540	395	1300
542.5	395	1430
545	395	1530
547.5	395	1000
550	395	1210
250	400	660
252.5	400	690
255	400	710
257.5	400	550
260	400	510
262.5	400	700
265	400	720
267.5	400	580
270	400	480
272.5	400	680
275	400	680
277.5	400	530
280	400	580
282.5	400	570
285	400	530
287.5	400	560
290	400	650
292.5	400	570
295	400	480
297.5	400	740
300	400	590
302.5	400	540
305	400	760
307.5	400	700
310	400	590
312.5	400	580
315	400	650
317.5	400	800
320	400	780
322.5	400	730
325	400	650
327.5	400	560
330	400	730
332.5	400	820
335	400	760
337.5	400	680
340	400	890
342.5	400	740
345	400	730
347.5	400	820
350	400	720
352.5	400	730
355	400	950
357.5	400	1130
360	400	1090
362.5	400	1110
365	400	1010
367.5	400	1170
370	400	990
372.5	400	1350
375	400	1380
377.5	400	1260
380	400	1350
382.5	400	1790
385	400	2620
387.5	400	4430
390	400	24670
392.5	400	332980
395	400	1437870
397.5	400	2888990
400	400	3257080
402.5	400	2160400
405	400	778160
407.5	400	138530
410	400	23740
412.5	400	16630
415	400	13430
417.5	400	10990
420	400	9340
422.5	400	9590
425	400	10450
427.5	400	9950
430	400	9120
432.5	400	8380
435	400	7650
437.5	400	7000
440	400	6450
442.5	400	6200
445	400	5860
447.5	400	7390
450	400	15290
452.5	400	34980
455	400	74980
457.5	400	128320
460	400	174080
462.5	400	192560
465	400	165980
467.5	400	115820
470	400	65450
472.5	400	31550
475	400	13440
477.5	400	8570
480	400	6130
482.5	400	5010
485	400	4470
487.5	400	3510
490	400	2830
492.5	400	2900
495	400	2880
497.5	400	2730
500	400	2340
502.5	400	2300
505	400	2470
507.5	400	2030
510	400	2020
512.5	400	2040
515	400	1880
517.5	400	1640
520	400	1640
522.5	400	1540
525	400	1550
527.5	400	1680
530	400	1510
532.5	400	1730
535	400	1520
537.5	400	1640
540	400	1530
542.5	400	1340
545	400	1490
547.5	400	1300
550	400	1230
250	405	550
252.5	405	600
255	405	610
257.5	405	690
260	405	540
262.5	405	510
265	405	430
267.5	405	470
270	405	570
272.5	405	520
275	405	420
277.5	405	590
280	405	670
282.5	405	560
285	405	530
287.5	405	670
290	405	450
292.5	405	750
295	405	660
297.5	405	570
300	405	610
302.5	405	850
305	405	580
307.5	405	640
310	405	630
312.5	405	660
315	405	620
317.5	405	650
320	405	730
322.5	405	690
325	405	580
327.5	405	760
330	405	730
332.5	405	790
335	405	700
337.5	405	650
340	405	680
342.5	405	720
345	405	930
347.5	405	840
350	405	830
352.5	405	930
355	405	890
357.5	405	790
360	405	950
362.5	405	1070
365	405	910
367.5	405	930
370	405	850
372.5	405	1040
375	405	1050
377.5	405	1210
380	405	1290
382.5	405	1370
385	405	1740
387.5	405	1700
390	405	2450
392.5	405	4300
395	405	29850
397.5	405	380270
400	405	1505440
402.5	405	2902480
405	405	3200750
407.5	405	2079950
410	405	727170
412.5	405	128710
415	405	23230
417.5	405	15110
420	405	12050
422.5	405	10100
425	405	8530
427.5	405	8100
430	405	8990
432.5	405	8940
435	405	8610
437.5	405	7690
440	405	7100
442.5	405	6660
445	405	6240
447.5	405	6020
450	405	5220
452.5	405	5730
455	405	8390
457.5	405	19560
460	405	45290
462.5	405	84500
465	405	132430
467.5	405	165740
470	405	167290
472.5	405	135460
475	405	88250
477.5	405	48270
480	405	23290
482.5	405	11070
485	405	6750
487.5	405	5500
490	405	4590
492.5	405	3700
495	405	3490
497.5	405	2540
500	405	2470
502.5	405	2530
505	405	2100
507.5	405	2340
510	405	2190
512.5	405	1790
515	405	2070
517.5	405	1700
520	405	1610
522.5	405	1670
525	405	1610
527.5	405	1580
530	405	1480
532.5	405	1360
535	405	1450
537.5	405	1360
540	405	1560
542.5	405	1250
545	405	1200
547.5	405	1410
550	405	1050
250	410	690
252.5	410	470
255	410	660
257.5	410	520
260	410	620
262.5	410	690
265	410	530
267.5	410	480
270	410	610
272.5	410	610
275	410	600
277.5	410	580
280	410	430
282.5	410	420
285	410	610
287.5	410	570
290	410	620
292.5	410	560
295	410	520
297.5	410	540
300	410	730
302.5	410	650
305	410	560
307.5	410	720
310	410	670
312.5	410	610
315	410	490
317.5	410	700
320	410	590
322.5	410	540
325	410	730
327.5	410	610
330	410	630
332.5	410	640
335	410	710
337.5	410	610
340	410	630
342.5	410	600
345	410	640
347.5	410	560
350	410	640
352.5	410	710
355	410	720
357.5	410	900
360	410	1000
362.5	410	810
365	410	780
367.5	410	1020
370	410	1120
372.5	410	1080
375	410	1190
377.5	410	1090
380	410	1190
382.5	410	1330
385	410	1160
387.5	410	1410
390	410	1430
392.5	410	1600
395	410	2290
397.5	410	4140
400	410	37400
402.5	410	429170
405	410	1648990
407.5	410	3013860
410	410	3238520
412.5	410	2037450
415	410	705030
417.5	410	124620
420	410	21560
422.5	410	15230
425	410	11540
427.5	410	9730
430	410	8250
432.5	410	7580
435	410	7840
437.5	410	8050
440	410	7470
442.5	410	7330
445	410	6380
447.5	410	6340
450	410	6160
452.5	410	5340
455	410	4340
457.5	410	4850
460	410	6230
462.5	410	11910
465	410	26640
467.5	410	53380
470	410	91640
472.5	410	131450
475	410	149540
477.5	410	142110
480	410	112370
482.5	410	70820
485	410	37240
487.5	410	17880
490	410	8490
492.5	410	6200
495	410	5030
497.5	410	3830
500	410	3400
502.5	410	2740
505	410	2190
507.5	410	2080
510	410	2320
512.5	410	2240
515	410	1980
517.5	410	1750
520	410	1390
522.5	410	1780
525	410	1600
527.5	410	1790
530	410	1480
532.5	410	1410
535	410	1240
537.5	410	1510
540	410	1340
542.5	410	1060
545	410	1180
547.5	410	1180
550	410	1160
250	415	600
252.5	415	380
255	415	610
257.5	415	610
260	415	670
262.5	415	660
265	415	560
267.5	415	540
270	415	640
272.5	415	510
275	415	620
277.5	415	550
280	415	500
282.5	415	560
285	415	600
287.5	415	570
290	415	450
292.5	415	510
295	415	580
297.5	415	630
300	415	660
302.5	415	660
305	415	810
307.5	415	710
310	415	450
312.5	415	650
315	415	580
317.5	415	700
320	415	620
322.5	415	650
325	415	790
327.5	415	710
330	415	700
332.5	415	820
335	415	480
337.5	415	580
340	415	900
342.5	415	640
345	415	630
347.5	415	710
350	415	780
352.5	415	710
355	415	810
357.5	415	850
360	415	900
362.5	415	800
365	415	710
367.5	415	820
370	415	960
372.5	415	990
375	415	1100
377.5	415	1000
380	415	1050
382.5	415	930
385	415	1020
387.5	415	1160
390	415	1010
392.5	415	1140
395	415	1460
397.5	415	1820
400	415	2620
402.5	415	4450
405	415	43850
407.5	415	452020
410	415	1649790
412.5	415	2993050
415	415	3188040
417.5	415	2086390
420	415	750770
422.5	415	142050
425	415	22490
427.5	415	14090
430	415	11170
432.5	415	9440
435	415	7480
437.5	415	7150
440	415	7630
442.5	415	7510
445	415	7510
447.5	415	6930
450	415	5870
452.5	415	5250
455	415	5180
457.5	415	5140
460	415	4850
462.5	415	3900
465	415	4320
467.5	415	6800
470	415	13970
472.5	415	30790
475	415	56540
477.5	415	90690
480	415	120930
482.5	415	134710
485	415	124360
487.5	415	93000
490	415	56660
492.5	415	29530
495	415	13660
497.5	415	7190
500	415	5440
502.5	415	4730
505	415	3470
507.5	415	3040
510	415	2490
512.5	415	1930
515	415	2070
517.5	415	1550
520	415	1880
522.5	415	1720
525	415	1840
527.5	415	1590
530	415	1430
532.5	415	1540
535	415	1200
537.5	415	1060
540	415	1030
542.5	415	1250
545	415	990
547.5	415	1230
550	415	950
250	420	390
252.5	420	490
255	420	630
257.5	420	520
260	420	570
262.5	420	570
265	420	640
267.5	420	580
270	420	720
272.5	420	570
275	420	560
277.5	420	600
280	420	590
282.5	420	600
285	420	470
287.5	420	600
290	420	450
292.5	420	570
295	420	760
297.5	420	690
300	420	580
302.5	420	510
305	420	740
307.5	420	710
310	420	830
312.5	420	690
315	420	830
317.5	420	530
320	420	640
322.5	420	740
325	420	700
327.5	420	690
330	420	590
332.5	420	580
335	420	530
337.5	420	710
340	420	790
342.5	420	660
345	420	740
347.5	420	580
350	420	650
352.5	420	670
355	420	730
357.5	420	710
360	420	730
362.5	420	580
365	420	800
367.5	420	650
370	420	600
372.5	420	910
375	420	960
377.5	420	870
380	420	1030
382.5	420	1050
385	420	900
387.5	420	1020
390	420	900
392.5	420	1260
395	420	1430
397.5	420	1440
400	420	1890
402.5	420	1810
405	420	2630
407.5	420	4430
410	420	45440
412.5	420	461230
415	420	1655070
417.5	420	2987380
420	420	3202620
422.5	420	2128060
425	420	799310
427.5	420	149700
430	420	21430
432.5	420	13830
435	420	10710
437.5	420	8240
440	420	7470
442.5	420	6930
445	420	6590
447.5	420	7080
450	420	6900
452.5	420	6430
455	420	5550
457.5	420	5370
460	420	5050
462.5	420	4910
465	420	4110
467.5	420	3680
470	420	3910
472.5	420	4330
475	420	7950
477.5	420	16030
480	420	31550
482.5	420	59360
485	420	90010
487.5	420	115090
490	420	119640
492.5	420	106590
495	420	75450
497.5	420	43750
500	420	21360
502.5	420	9740
505	420	6060
507.5	420	4140
510	420	3940
512.5	420	2890
515	420	2400
517.5	420	2060
520	420	1880
522.5	420	1940
525	420	1660
527.5	420	1960
530	420	1370
532.5	420	1630
535	420	1290
537.5	420	1240
540	420	1080
542.5	420	1200
545	420	1240
547.5	420	1280
550	420	1100
250	425	580
252.5	425	480
255	425	520
257.5	425	520
260	425	590
262.5	425	640
265	425	500
267.5	425	550
270	425	580
272.5	425	650
275	425	540
277.5	425	570
280	425	580
282.5	425	450
285	425	540
287.5	425	600
290	425	500
292.5	425	540
295	425	490
297.5	425	570
300	425	490
302.5	425	650
305	425	590
307.5	425	700
310	425	550
312.5	425	750
315	425	620
317.5	425	580
320	425	580
322.5	425	670
325	425	640
327.5	425	770
330	425	460
332.5	425	710
335	425	680
337.5	425	700
340	425	640
342.5	425	700
345	425	590
347.5	425	650
350	425	650
352.5	425	650
355	425	630
357.5	425	740
360	425	810
362.5	425	740
365	425	670
367.5	425	700
370	425	750
372.5	425	740
375	425	750
377.5	425	840
380	425	760
382.5	425	940
385	425	1090
387.5	425	970
390	425	940
392.5	425	1110
395	425	1120
397.5	425	1210
400	425	1250
402.5	425	1410
405	425	1190
407.5	425	1960
410	425	2830
412.5	425	4350
415	425	41820
417.5	425	427000
420	425	1552260
422.5	425	2852030
425	425	3159340
427.5	425	2177460
430	425	835430
432.5	425	165330
435	425	21800
437.5	425	13150
440	425	10550
442.5	425	8250
445	425	6640
447.5	425	6020
450	425	6600
452.5	425	6240
455	425	6330
457.5	425	6740
460	425	5810
462.5	425	4760
465	425	4470
467.5	425	4770
470	425	4470
472.5	425	3450
475	425	3280
477.5	425	3530
480	425	4220
482.5	425	8510
485	425	16790
487.5	425	33070
490	425	57590
492.5	425	83940
495	425	103210
497.5	425	103510
500	425	87220
502.5	425	58090
505	425	33250
507.5	425	14870
510	425	7120
512.5	425	4950
515	425	3730
517.5	425	3200
520	425	2740
522.5	425	2360
525	425	1810
527.5	425	1440
530	425	1540
532.5	425	1480
535	425	1250
537.5	425	1310
540	425	1290
542.5	425	1250
545	425	1200
547.5	425	980
550	425	1110
250	430	640
252.5	430	460
255	430	580
257.5	430	510
260	430	560
262.5	430	600
265	430	480
267.5	430	660
270	430	600
272.5	430	740
275	430	670
277.5	430	600
280	430	510
282.5	430	620
285	430	470
287.5	430	480
290	430	580
292.5	430	530
295	430	560
297.5	430	680
300	430	490
302.5	430	690
305	430	530
307.5	430	530
310	430	650
312.5	430	600
315	430	680
317.5	430	820
320	430	650
322.5	430	730
325	430	570
327.5	430	650
330	430	740
332.5	430	480
335	430	690
337.5	430	650
340	430	700
342.5	430	670
345	430	690
347.5	430	730
350	430	670
352.5	430	730
355	430	760
357.5	430	660
360	430	670
362.5	430	730
365	430	640
367.5	430	720
370	430	750
372.5	430	820
375	430	770
377.5	430	760
380	430	800
382.5	430	760
385	430	880
387.5	430	960
390	430	1130
392.5	430	1000
395	430	950
397.5	430	1100
400	430	1030
402.5	430	970
405	430	1260
407.5	430	1420
410	430	1580
412.5	430	1780
415	430	2510
417.5	430	3970
420	430	38230
422.5	430	388460
425	430	1433440
427.5	430	2765920
430	430	3131810
432.5	430	2181890
435	430	858870
437.5	430	166080
440	430	20720
442.5	430	12570
445	430	9400
447.5	430	7580
450	430	6660
452.5	430	5830
455	430	5640
457.5	430	5270
460	430	5630
462.5	430	5630
465	430	4860
467.5	430	4580
470	430	4190
472.5	430	4060
475	430	3980
477.5	430	3310
480	430	3220
482.5	430	3130
485	430	3170
487.5	430	4530
490	430	8720
492.5	430	17940
495	430	35690
497.5	430	56770
500	430	77360
502.5	430	91440
505	430	88140
507.5	430	68810
510	430	43270
512.5	430	22430
515	430	10700
517.5	430	5420
520	430	3720
522.5	430	3130
525	430	2650
527.5	430	2380
530	430	1880
532.5	430	1650
535	430	1400
537.5	430	1250
540	430	1380
542.5	430	1380
545	430	1230
547.5	430	1100
550	430	1090
250	435	530
252.5	435	500
255	435	430
257.5	435	540
260	435	570
262.5	435	510
265	435	630
267.5	435	490
270	435	520
272.5	435	420
275	435	680
277.5	435	480
280	435	630
282.5	435	580
285	435	600
287.5	435	640
290	435	490
292.5	435	450
295	435	610
297.5	435	640
300	435	660
302.5	435	560
305	435	530
307.5	435	590
310	435	450
312.5	435	600
315	435	540
317.5	435	760
320	435	660
322.5	435	530
325	435	570
327.5	435	640
330	435	680
332.5	435	600
335	435	580
337.5	435	640
340	435	660
342.5	435	610
345	435	640
347.5	435	530
350	435	560
352.5	435	800
355	435	700
357.5	435	770
360	435	810
362.5	435	730
365	435	740
367.5	435	600
370	435	620
372.5	435	580
375	435	580
377.5	435	760
380	435	780
382.5	435	670
385	435	1010
387.5	435	880
390	435	1100
392.5	435	970
395	435	990
397.5	435	980
400	435	1070
402.5	435	960
405	435	930
407.5	435	1160
410	435	1070
412.5	435	1300
415	435	1420
417.5	435	1800
420	435	2240
422.5	435	4130
425	435	25720
427.5	435	323640
430	435	1312870
432.5	435	2679900
435	435	3177430
437.5	435	2301170
440	435	950920
442.5	435	186280
445	435	20810
447.5	435	11980
450	435	9770
452.5	435	7650
455	435	6560
457.5	435	5160
460	435	5310
462.5	435	4980
465	435	5040
467.5	435	5890
470	435	5120
472.5	435	4330
475	435	3580
477.5	435	3820
480	435	3570
482.5	435	3740
485	435	3320
487.5	435	2580
490	435	2490
492.5	435	2850
495	435	4890
497.5	435	10260
500	435	19640
502.5	435	36130
505	435	55090
507.5	435	73220
510	435	79980
512.5	435	75150
515	435	55360
517.5	435	34690
520	435	18230
522.5	435	8200
525	435	4950
527.5	435	3460
530	435	2930
532.5	435	2640
535	435	2010
537.5	435	1820
540	435	1490
542.5	435	1250
545	435	1260
547.5	435	780
550	435	1080
250	440	460
252.5	440	490
255	440	570
257.5	440	630
260	440	450
262.5	440	440
265	440	530
267.5	440	430
270	440	330
272.5	440	640
275	440	590
277.5	440	470
280	440	500
282.5	440	500
285	440	630
287.5	440	390
290	440	620
292.5	440	620
295	440	600
297.5	440	670
300	440	620
302.5	440	660
305	440	520
307.5	440	520
310	440	550
312.5	440	770
315	440	680
317.5	440	540
320	440	520
322.5	440	640
325	440	660
327.5	440	670
330	440	600
332.5	440	610
335	440	610
337.5	440	750
340	440	620
342.5	440	670
345	440	660
347.5	440	550
350	440	530
352.5	440	660
355	440	670
357.5	440	620
360	440	750
362.5	440	570
365	440	600
367.5	440	780
370	440	620
372.5	440	710
375	440	660
377.5	440	860
380	440	670
382.5	440	740
385	440	670
387.5	440	790
390	440	780
392.5	440	830
395	440	830
397.5	440	1070
400	440	850
402.5	440	930
405	440	970
407.5	440	1030
410	440	1000
412.5	440	910
415	440	1210
417.5	440	1220
420	440	1260
422.5	440	1730
425	440	2290
427.5	440	3520
430	440	19170
432.5	440	269160
435	440	1216730
437.5	440	2598330
440	440	3217510
442.5	440	2385090
445	440	981300
447.5	440	197840
450	440	21210
452.5	440	11180
455	440	9200
457.5	440	7050
460	440	5870
462.5	440	4740
465	440	4840
467.5	440	4690
470	440	4930
472.5	440	5380
475	440	4550
477.5	440	3860
480	440	3670
482.5	440	3570
485	440	3500
487.5	440	3150
490	440	2950
492.5	440	2880
495	440	2370
497.5	440	2630
500	440	2940
502.5	440	5070
505	440	10120
507.5	440	20830
510	440	35560
512.5	440	53310
515	440	68810
517.5	440	70530
520	440	62920
522.5	440	47400
525	440	28640
527.5	440	14640
530	440	7140
532.5	440	4450
535	440	3390
537.5	440	2720
540	440	2100
542.5	440	1840
545	440	1630
547.5	440	1430
550	440	1280
250	445	380
252.5	445	680
255	445	420
257.5	445	510
260	445	490
262.5	445	420
265	445	460
267.5	445	450
270	445	460
272.5	445	480
275	445	500
277.5	445	410
280	445	680
282.5	445	610
285	445	500
287.5	445	500
290	445	420
292.5	445	680
295	445	360
297.5	445	500
300	445	560
302.5	445	630
305	445	590
307.5	445	500
310	445	610
312.5	445	580
315	445	580
317.5	445	560
320	445	610
322.5	445	640
325	445	680
327.5	445	510
330	445	510
332.5	445	660
335	445	560
337.5	445	590
340	445	690
342.5	445	530
345	445	580
347.5	445	580
350	445	730
352.5	445	680
355	445	620
357.5	445	520
360	445	680
362.5	445	620
365	445	500
367.5	445	700
370	445	600
372.5	445	780
375	445	520
377.5	445	620
380	445	640
382.5	445	730
385	445	750
387.5	445	910
390	445	880
392.5	445	790
395	445	860
397.5	445	870
400	445	990
402.5	445	930
405	445	1050
407.5	445	910
410	445	930
412.5	445	1040
415	445	1080
417.5	445	1230
420	445	1180
422.5	445	1470
425	445	1430
427.5	445	1420
430	445	2170
432.5	445	3650
435	445	15230
437.5	445	229290
440	445	1101950
442.5	445	2467100
445	445	3182580
447.5	445	2429440
450	445	1029330
452.5	445	210650
455	445	20470
457.5	445	10990
460	445	8710
462.5	445	7170
465	445	5760
467.5	445	4630
470	445	4230
472.5	445	4360
475	445	4410
477.5	445	4910
480	445	4820
482.5	445	3960
485	445	3130
487.5	445	2900
490	445	3020
492.5	445	3120
495	445	2770
497.5	445	2660
500	445	2440
502.5	445	2300
505	445	2290
507.5	445	3160
510	445	5860
512.5	445	11750
515	445	21620
517.5	445	35210
520	445	49700
522.5	445	60310
525	445	60960
527.5	445	54050
530	445	39840
532.5	445	25700
535	445	13100
537.5	445	6930
540	445	3620
542.5	445	2870
545	445	2140
547.5	445	2050
550	445	1570
250	450	560
252.5	450	540
255	450	590
257.5	450	500
260	450	470
262.5	450	470
265	450	630
267.5	450	530
270	450	540
272.5	450	410
275	450	530
277.5	450	470
280	450	500
282.5	450	540
285	450	530
287.5	450	450
290	450	700
292.5	450	680
295	450	450
297.5	450	590
300	450	500
302.5	450	460
305	450	490
307.5	450	520
310	450	530
312.5	450	630
315	450	600
317.5	450	620
320	450	660
322.5	450	600
325	450	610
327.5	450	540
330	450	470
332.5	450	670
335	450	730
337.5	450	680
340	450	810
342.5	450	610
345	450	680
347.5	450	550
350	450	740
352.5	450	530
355	450	720
357.5	450	740
360	450	540
362.5	450	700
365	450	630
367.5	450	700
370	450	710
372.5	450	680
375	450	550
377.5	450	630
380	450	780
382.5	450	640
385	450	490
387.5	450	720
390	450	670
392.5	450	550
395	450	700
397.5	450	830
400	450	780
402.5	450	820
405	450	1080
407.5	450	890
410	450	880
412.5	450	1030
415	450	1010
417.5	450	990
420	450	1120
422.5	450	1200
425	450	1110
427.5	450	1250
430	450	1670
432.5	450	1810
435	450	2120
437.5	450	3490
440	450	14760
442.5	450	232210
445	450	1188120
447.5	450	2773360
450	450	3440240
452.5	450	2427400
455	450	930160
457.5	450	160200
460	450	18280
462.5	450	10950
465	450	8510
467.5	450	7160
470	450	6340
472.5	450	4950
475	450	4100
477.5	450	4010
480	450	4160
482.5	450	4490
485	450	4660
487.5	450	4110
490	450	3580
492.5	450	3220
495	450	3220
497.5	450	3200
500	450	2950
502.5	450	2630
505	450	2450
507.5	450	1930
510	450	2120
512.5	450	2880
515	450	3750
517.5	450	7050
520	450	13660
522.5	450	24200
525	450	38370
527.5	450	51100
530	450	59770
532.5	450	58920
535	450	50650
537.5	450	35210
540	450	21790
542.5	450	10540
545	450	5150
547.5	450	3540
550	450	2790
