EM wavelength	EX wavelength	S1
nm	nm	CPS
250	240	330
252.5	240	250
255	240	280
257.5	240	330
260	240	300
262.5	240	290
265	240	360
267.5	240	350
270	240	280
272.5	240	360
275	240	330
277.5	240	420
280	240	270
282.5	240	530
285	240	330
287.5	240	510
290	240	350
292.5	240	430
295	240	470
297.5	240	450
300	240	370
302.5	240	360
305	240	380
307.5	240	530
310	240	370
312.5	240	510
315	240	390
317.5	240	400
320	240	420
322.5	240	420
325	240	460
327.5	240	450
330	240	530
332.5	240	400
335	240	510
337.5	240	600
340	240	560
342.5	240	350
345	240	480
347.5	240	440
350	240	410
352.5	240	480
355	240	470
357.5	240	450
360	240	510
362.5	240	530
365	240	520
367.5	240	460
370	240	420
372.5	240	530
375	240	460
377.5	240	400
380	240	600
382.5	240	450
385	240	430
387.5	240	370
390	240	490
392.5	240	390
395	240	410
397.5	240	500
400	240	430
402.5	240	510
405	240	530
407.5	240	570
410	240	480
412.5	240	350
415	240	540
417.5	240	490
420	240	580
422.5	240	470
425	240	420
427.5	240	400
430	240	430
432.5	240	430
435	240	560
437.5	240	390
440	240	520
442.5	240	390
445	240	440
447.5	240	380
450	240	360
452.5	240	410
455	240	420
457.5	240	350
460	240	460
462.5	240	390
465	240	410
467.5	240	410
470	240	330
472.5	240	400
475	240	360
477.5	240	330
480	240	450
482.5	240	480
485	240	320
487.5	240	430
490	240	430
492.5	240	460
495	240	390
497.5	240	290
500	240	210
502.5	240	340
505	240	330
507.5	240	360
510	240	280
512.5	240	340
515	240	330
517.5	240	260
520	240	370
522.5	240	370
525	240	320
527.5	240	230
530	240	380
532.5	240	400
535	240	270
537.5	240	490
540	240	400
542.5	240	220
545	240	290
547.5	240	490
550	240	390
250	245	210
252.5	245	390
255	245	320
257.5	245	220
260	245	240
262.5	245	360
265	245	270
267.5	245	350
270	245	370
272.5	245	360
275	245	400
277.5	245	390
280	245	420
282.5	245	420
285	245	420
287.5	245	480
290	245	370
292.5	245	440
295	245	430
297.5	245	370
300	245	630
302.5	245	450
305	245	520
307.5	245	550
310	245	310
312.5	245	470
315	245	540
317.5	245	390
320	245	350
322.5	245	530
325	245	450
327.5	245	600
330	245	560
332.5	245	610
335	245	580
337.5	245	500
340	245	490
342.5	245	460
345	245	590
347.5	245	470
350	245	570
352.5	245	530
355	245	530
357.5	245	590
360	245	510
362.5	245	590
365	245	500
367.5	245	680
370	245	590
372.5	245	540
375	245	460
377.5	245	410
380	245	510
382.5	245	610
385	245	540
387.5	245	460
390	245	450
392.5	245	440
395	245	450
397.5	245	390
400	245	520
402.5	245	590
405	245	420
407.5	245	500
410	245	560
412.5	245	530
415	245	390
417.5	245	570
420	245	370
422.5	245	510
425	245	460
427.5	245	440
430	245	430
432.5	245	430
435	245	370
437.5	245	380
440	245	360
442.5	245	450
445	245	340
447.5	245	420
450	245	620
452.5	245	430
455	245	510
457.5	245	440
460	245	280
462.5	245	350
465	245	390
467.5	245	500
470	245	370
472.5	245	340
475	245	460
477.5	245	280
480	245	340
482.5	245	350
485	245	310
487.5	245	310
490	245	260
492.5	245	360
495	245	290
497.5	245	430
500	245	290
502.5	245	330
505	245	270
507.5	245	260
510	245	430
512.5	245	460
515	245	440
517.5	245	300
520	245	370
522.5	245	340
525	245	370
527.5	245	300
530	245	450
532.5	245	390
535	245	430
537.5	245	260
540	245	420
542.5	245	380
545	245	420
547.5	245	430
550	245	410
250	250	1180
252.5	250	1250
255	250	630
257.5	250	580
260	250	370
262.5	250	300
265	250	370
267.5	250	490
270	250	1030
272.5	250	2480
275	250	2650
277.5	250	2290
280	250	1390
282.5	250	670
285	250	460
287.5	250	580
290	250	480
292.5	250	600
295	250	660
297.5	250	760
300	250	780
302.5	250	770
305	250	680
307.5	250	760
310	250	820
312.5	250	750
315	250	780
317.5	250	670
320	250	650
322.5	250	840
325	250	830
327.5	250	720
330	250	760
332.5	250	740
335	250	680
337.5	250	630
340	250	560
342.5	250	700
345	250	700
347.5	250	580
350	250	690
352.5	250	680
355	250	790
357.5	250	580
360	250	740
362.5	250	670
365	250	620
367.5	250	660
370	250	590
372.5	250	590
375	250	650
377.5	250	590
380	250	680
382.5	250	630
385	250	510
387.5	250	550
390	250	500
392.5	250	530
395	250	570
397.5	250	570
400	250	560
402.5	250	620
405	250	650
407.5	250	570
410	250	550
412.5	250	530
415	250	470
417.5	250	700
420	250	520
422.5	250	430
425	250	590
427.5	250	500
430	250	540
432.5	250	450
435	250	430
437.5	250	480
440	250	470
442.5	250	460
445	250	520
447.5	250	360
450	250	370
452.5	250	590
455	250	500
457.5	250	470
460	250	470
462.5	250	380
465	250	470
467.5	250	410
470	250	450
472.5	250	400
475	250	450
477.5	250	560
480	250	370
482.5	250	320
485	250	380
487.5	250	450
490	250	370
492.5	250	310
495	250	450
497.5	250	380
500	250	740
502.5	250	1570
505	250	2480
507.5	250	2960
510	250	1920
512.5	250	970
515	250	340
517.5	250	320
520	250	420
522.5	250	410
525	250	320
527.5	250	400
530	250	320
532.5	250	500
535	250	500
537.5	250	510
540	250	490
542.5	250	700
545	250	1190
547.5	250	1910
550	250	2850
250	255	2350
252.5	255	6360
255	255	8170
257.5	255	6670
260	255	3120
262.5	255	1070
265	255	510
267.5	255	490
270	255	810
272.5	255	2480
275	255	6140
277.5	255	11210
280	255	13270
282.5	255	10020
285	255	5060
287.5	255	2010
290	255	1090
292.5	255	1310
295	255	1280
297.5	255	1290
300	255	1520
302.5	255	1740
305	255	1550
307.5	255	1800
310	255	1840
312.5	255	1980
315	255	1840
317.5	255	1670
320	255	1520
322.5	255	1650
325	255	1620
327.5	255	1530
330	255	1370
332.5	255	1400
335	255	1320
337.5	255	1140
340	255	1380
342.5	255	1200
345	255	1160
347.5	255	1220
350	255	970
352.5	255	1000
355	255	1090
357.5	255	950
360	255	1110
362.5	255	1070
365	255	920
367.5	255	960
370	255	1070
372.5	255	850
375	255	930
377.5	255	880
380	255	870
382.5	255	860
385	255	970
387.5	255	870
390	255	760
392.5	255	890
395	255	840
397.5	255	680
400	255	920
402.5	255	920
405	255	800
407.5	255	690
410	255	730
412.5	255	670
415	255	1020
417.5	255	920
420	255	700
422.5	255	740
425	255	710
427.5	255	630
430	255	850
432.5	255	680
435	255	600
437.5	255	870
440	255	750
442.5	255	620
445	255	630
447.5	255	650
450	255	730
452.5	255	670
455	255	600
457.5	255	550
460	255	540
462.5	255	530
465	255	600
467.5	255	680
470	255	600
472.5	255	420
475	255	620
477.5	255	600
480	255	410
482.5	255	540
485	255	510
487.5	255	500
490	255	450
492.5	255	500
495	255	520
497.5	255	500
500	255	580
502.5	255	1480
505	255	3780
507.5	255	9700
510	255	16100
512.5	255	19930
515	255	18770
517.5	255	13490
520	255	7240
522.5	255	2170
525	255	1120
527.5	255	640
530	255	710
532.5	255	530
535	255	600
537.5	255	610
540	255	470
542.5	255	650
545	255	970
547.5	255	1330
550	255	2560
250	260	570
252.5	260	3050
255	260	10850
257.5	260	21750
260	260	27400
262.5	260	20260
265	260	8670
267.5	260	2550
270	260	1130
272.5	260	940
275	260	1810
277.5	260	5300
280	260	14030
282.5	260	26850
285	260	32490
287.5	260	27420
290	260	15160
292.5	260	6180
295	260	2970
297.5	260	2320
300	260	2640
302.5	260	2430
305	260	2370
307.5	260	2760
310	260	2390
312.5	260	2660
315	260	2510
317.5	260	2500
320	260	2740
322.5	260	2460
325	260	2260
327.5	260	2380
330	260	2200
332.5	260	1910
335	260	1910
337.5	260	1690
340	260	1900
342.5	260	1910
345	260	1600
347.5	260	1650
350	260	1630
352.5	260	1500
355	260	1260
357.5	260	1560
360	260	1480
362.5	260	1250
365	260	1420
367.5	260	1190
370	260	1250
372.5	260	1600
375	260	1340
377.5	260	1240
380	260	1280
382.5	260	1150
385	260	1120
387.5	260	1110
390	260	970
392.5	260	1170
395	260	1110
397.5	260	1070
400	260	1020
402.5	260	1120
405	260	940
407.5	260	1110
410	260	1080
412.5	260	990
415	260	1020
417.5	260	1130
420	260	870
422.5	260	1060
425	260	810
427.5	260	880
430	260	840
432.5	260	1010
435	260	980
437.5	260	820
440	260	930
442.5	260	980
445	260	990
447.5	260	880
450	260	850
452.5	260	1000
455	260	920
457.5	260	980
460	260	870
462.5	260	880
465	260	800
467.5	260	640
470	260	820
472.5	260	650
475	260	580
477.5	260	710
480	260	770
482.5	260	770
485	260	600
487.5	260	750
490	260	550
492.5	260	570
495	260	600
497.5	260	640
500	260	490
502.5	260	670
505	260	550
507.5	260	1370
510	260	3500
512.5	260	11230
515	260	22500
517.5	260	38320
520	260	49900
522.5	260	53790
525	260	43060
527.5	260	29290
530	260	14670
532.5	260	5240
535	260	1660
537.5	260	1160
540	260	1050
542.5	260	1040
545	260	1030
547.5	260	1280
550	260	840
250	265	390
252.5	265	420
255	265	1050
257.5	265	7010
260	265	25350
262.5	265	52730
265	265	64300
267.5	265	47510
270	265	20350
272.5	265	4850
275	265	1830
277.5	265	1470
280	265	2610
282.5	265	7200
285	265	21720
287.5	265	43140
290	265	58890
292.5	265	54550
295	265	35180
297.5	265	16240
300	265	6820
302.5	265	4550
305	265	4680
307.5	265	3890
310	265	4020
312.5	265	3650
315	265	4070
317.5	265	3490
320	265	3790
322.5	265	3550
325	265	3520
327.5	265	3400
330	265	2940
332.5	265	2620
335	265	2690
337.5	265	2770
340	265	2620
342.5	265	2700
345	265	2020
347.5	265	1940
350	265	1910
352.5	265	2000
355	265	2050
357.5	265	1950
360	265	1910
362.5	265	1760
365	265	1630
367.5	265	1970
370	265	1690
372.5	265	1670
375	265	1770
377.5	265	1740
380	265	1640
382.5	265	1510
385	265	1530
387.5	265	1430
390	265	1300
392.5	265	1330
395	265	1400
397.5	265	1510
400	265	1400
402.5	265	1300
405	265	1290
407.5	265	1540
410	265	1350
412.5	265	1430
415	265	1220
417.5	265	1200
420	265	1400
422.5	265	1260
425	265	1260
427.5	265	1350
430	265	1510
432.5	265	1210
435	265	1420
437.5	265	1270
440	265	1090
442.5	265	1100
445	265	1020
447.5	265	1260
450	265	1140
452.5	265	900
455	265	940
457.5	265	1020
460	265	920
462.5	265	900
465	265	840
467.5	265	1080
470	265	900
472.5	265	930
475	265	780
477.5	265	780
480	265	660
482.5	265	710
485	265	680
487.5	265	820
490	265	690
492.5	265	740
495	265	580
497.5	265	680
500	265	810
502.5	265	580
505	265	790
507.5	265	830
510	265	620
512.5	265	550
515	265	720
517.5	265	2270
520	265	8710
522.5	265	24620
525	265	48290
527.5	265	75200
530	265	93310
532.5	265	98710
535	265	81040
537.5	265	54890
540	265	27700
542.5	265	9800
545	265	2930
547.5	265	1940
550	265	1880
250	270	490
252.5	270	450
255	270	440
257.5	270	630
260	270	1930
262.5	270	13240
265	270	49530
267.5	270	104330
270	270	132080
272.5	270	96260
275	270	39770
277.5	270	9540
280	270	2800
282.5	270	2870
285	270	3700
287.5	270	9030
290	270	24590
292.5	270	57690
295	270	87140
297.5	270	92450
300	270	68400
302.5	270	37610
305	270	16040
307.5	270	8790
310	270	6870
312.5	270	6380
315	270	6110
317.5	270	5740
320	270	5710
322.5	270	5540
325	270	5080
327.5	270	5120
330	270	4990
332.5	270	4640
335	270	4330
337.5	270	4100
340	270	3490
342.5	270	3660
345	270	3310
347.5	270	2990
350	270	3040
352.5	270	3120
355	270	2620
357.5	270	2790
360	270	2450
362.5	270	2570
365	270	2640
367.5	270	2420
370	270	2440
372.5	270	2280
375	270	2350
377.5	270	1750
380	270	2030
382.5	270	2150
385	270	1970
387.5	270	2050
390	270	2110
392.5	270	1890
395	270	1730
397.5	270	1940
400	270	1620
402.5	270	1800
405	270	1610
407.5	270	1800
410	270	1670
412.5	270	1570
415	270	1640
417.5	270	1580
420	270	1470
422.5	270	1720
425	270	1670
427.5	270	1610
430	270	1630
432.5	270	1540
435	270	1490
437.5	270	1570
440	270	1520
442.5	270	1400
445	270	1330
447.5	270	1360
450	270	1300
452.5	270	1460
455	270	1150
457.5	270	1130
460	270	1250
462.5	270	1150
465	270	1340
467.5	270	1150
470	270	990
472.5	270	970
475	270	890
477.5	270	1280
480	270	910
482.5	270	790
485	270	970
487.5	270	940
490	270	730
492.5	270	1030
495	270	780
497.5	270	630
500	270	720
502.5	270	720
505	270	730
507.5	270	700
510	270	720
512.5	270	700
515	270	710
517.5	270	680
520	270	670
522.5	270	800
525	270	1120
527.5	270	3710
530	270	14820
532.5	270	37880
535	270	75100
537.5	270	119770
540	270	153970
542.5	270	156750
545	270	130660
547.5	270	87790
550	270	47550
250	275	430
252.5	275	470
255	275	600
257.5	275	540
260	275	490
262.5	275	750
265	275	2270
267.5	275	21120
270	275	84320
272.5	275	184190
275	275	230430
277.5	275	168360
280	275	71770
282.5	275	15710
285	275	5540
287.5	275	5550
290	275	6470
292.5	275	10020
295	275	25910
297.5	275	62990
300	275	110540
302.5	275	137020
305	275	116360
307.5	275	76290
310	275	36090
312.5	275	16990
315	275	10080
317.5	275	9370
320	275	8630
322.5	275	8280
325	275	7830
327.5	275	7470
330	275	6680
332.5	275	7160
335	275	6390
337.5	275	6040
340	275	5590
342.5	275	4930
345	275	5100
347.5	275	4360
350	275	4120
352.5	275	4020
355	275	4100
357.5	275	3530
360	275	3420
362.5	275	3670
365	275	3140
367.5	275	3230
370	275	3010
372.5	275	2910
375	275	3140
377.5	275	3070
380	275	2640
382.5	275	2470
385	275	2660
387.5	275	2540
390	275	2580
392.5	275	2420
395	275	2430
397.5	275	2310
400	275	2290
402.5	275	2400
405	275	2250
407.5	275	1920
410	275	2140
412.5	275	2050
415	275	2240
417.5	275	2050
420	275	2030
422.5	275	2540
425	275	2240
427.5	275	2040
430	275	1910
432.5	275	1970
435	275	2000
437.5	275	2080
440	275	1920
442.5	275	2010
445	275	1690
447.5	275	1570
450	275	1820
452.5	275	1750
455	275	1630
457.5	275	1470
460	275	1430
462.5	275	1430
465	275	1270
467.5	275	1320
470	275	1420
472.5	275	1370
475	275	1290
477.5	275	1290
480	275	1090
482.5	275	1170
485	275	1040
487.5	275	970
490	275	970
492.5	275	1040
495	275	1010
497.5	275	960
500	275	1080
502.5	275	970
505	275	820
507.5	275	840
510	275	1050
512.5	275	740
515	275	880
517.5	275	820
520	275	870
522.5	275	860
525	275	690
527.5	275	1120
530	275	970
532.5	275	690
535	275	1160
537.5	275	4040
540	275	16160
542.5	275	50750
545	275	105420
547.5	275	170240
550	275	222550
250	280	630
252.5	280	620
255	280	580
257.5	280	450
260	280	660
262.5	280	620
265	280	780
267.5	280	1090
270	280	3630
272.5	280	35900
275	280	142340
277.5	280	301460
280	280	365450
282.5	280	256870
285	280	100550
287.5	280	23460
290	280	8120
292.5	280	9410
295	280	9490
297.5	280	12570
300	280	24250
302.5	280	60710
305	280	117980
307.5	280	167510
310	280	170730
312.5	280	125660
315	280	69160
317.5	280	29580
320	280	14820
322.5	280	11370
325	280	9660
327.5	280	8520
330	280	8960
332.5	280	8290
335	280	7450
337.5	280	7130
340	280	6900
342.5	280	6970
345	280	6700
347.5	280	5540
350	280	5880
352.5	280	5250
355	280	4920
357.5	280	4520
360	280	4520
362.5	280	4560
365	280	4260
367.5	280	4520
370	280	3930
372.5	280	3360
375	280	3640
377.5	280	3440
380	280	3450
382.5	280	3810
385	280	3300
387.5	280	2880
390	280	3170
392.5	280	2970
395	280	3140
397.5	280	2840
400	280	2820
402.5	280	2840
405	280	2960
407.5	280	2850
410	280	2690
412.5	280	2710
415	280	2730
417.5	280	3050
420	280	2680
422.5	280	2730
425	280	2290
427.5	280	2390
430	280	2550
432.5	280	2510
435	280	2210
437.5	280	2190
440	280	2280
442.5	280	2200
445	280	1970
447.5	280	2160
450	280	2090
452.5	280	1820
455	280	1960
457.5	280	1810
460	280	1710
462.5	280	1740
465	280	1680
467.5	280	1580
470	280	1390
472.5	280	1710
475	280	1560
477.5	280	1380
480	280	1540
482.5	280	1290
485	280	1180
487.5	280	1240
490	280	1350
492.5	280	1370
495	280	1200
497.5	280	1070
500	280	880
502.5	280	1070
505	280	1210
507.5	280	1010
510	280	980
512.5	280	960
515	280	900
517.5	280	920
520	280	1210
522.5	280	820
525	280	870
527.5	280	810
530	280	1020
532.5	280	790
535	280	870
537.5	280	820
540	280	990
542.5	280	1040
545	280	1320
547.5	280	4890
550	280	23910
250	285	480
252.5	285	490
255	285	700
257.5	285	560
260	285	780
262.5	285	510
265	285	730
267.5	285	570
270	285	800
272.5	285	1130
275	285	6190
277.5	285	56440
280	285	222330
282.5	285	453090
285	285	517560
287.5	285	343390
290	285	124030
292.5	285	26600
295	285	11210
297.5	285	11520
300	285	11970
302.5	285	13330
305	285	21490
307.5	285	51650
310	285	112060
312.5	285	179740
315	285	206060
317.5	285	178040
320	285	106760
322.5	285	50550
325	285	20590
327.5	285	12640
330	285	10510
332.5	285	9160
335	285	8700
337.5	285	7680
340	285	7530
342.5	285	7030
345	285	6840
347.5	285	6380
350	285	6930
352.5	285	6320
355	285	6070
357.5	285	5400
360	285	5000
362.5	285	4470
365	285	4790
367.5	285	4210
370	285	4310
372.5	285	4230
375	285	4180
377.5	285	3900
380	285	3760
382.5	285	4190
385	285	3560
387.5	285	3700
390	285	3580
392.5	285	3700
395	285	3300
397.5	285	3210
400	285	3170
402.5	285	3060
405	285	3620
407.5	285	3480
410	285	3010
412.5	285	3340
415	285	2780
417.5	285	2840
420	285	2720
422.5	285	3160
425	285	2710
427.5	285	2990
430	285	2880
432.5	285	2970
435	285	2770
437.5	285	2820
440	285	2760
442.5	285	2410
445	285	2880
447.5	285	2650
450	285	2390
452.5	285	2250
455	285	1810
457.5	285	2190
460	285	2060
462.5	285	1980
465	285	1940
467.5	285	2000
470	285	1760
472.5	285	1890
475	285	1500
477.5	285	1740
480	285	1780
482.5	285	1460
485	285	1560
487.5	285	1320
490	285	1310
492.5	285	1360
495	285	1110
497.5	285	1060
500	285	1220
502.5	285	1190
505	285	1390
507.5	285	1130
510	285	1310
512.5	285	1200
515	285	1080
517.5	285	1120
520	285	1020
522.5	285	1010
525	285	1040
527.5	285	1150
530	285	1030
532.5	285	970
535	285	990
537.5	285	1070
540	285	930
542.5	285	1000
545	285	1030
547.5	285	1090
550	285	1140
250	290	640
252.5	290	610
255	290	570
257.5	290	670
260	290	690
262.5	290	690
265	290	700
267.5	290	810
270	290	600
272.5	290	780
275	290	900
277.5	290	1080
280	290	8600
282.5	290	91380
285	290	343340
287.5	290	658450
290	290	726760
292.5	290	460140
295	290	163650
297.5	290	31870
300	290	11720
302.5	290	10830
305	290	10770
307.5	290	11810
310	290	16140
312.5	290	36850
315	290	91530
317.5	290	178480
320	290	245800
322.5	290	237410
325	290	169750
327.5	290	88440
330	290	35950
332.5	290	15010
335	290	10470
337.5	290	9340
340	290	8200
342.5	290	7360
345	290	7220
347.5	290	7110
350	290	6720
352.5	290	6360
355	290	6020
357.5	290	6020
360	290	5890
362.5	290	5930
365	290	5410
367.5	290	5410
370	290	4800
372.5	290	4800
375	290	4650
377.5	290	4630
380	290	4360
382.5	290	3990
385	290	4150
387.5	290	3850
390	290	3570
392.5	290	3860
395	290	3810
397.5	290	3600
400	290	3550
402.5	290	3340
405	290	3760
407.5	290	3520
410	290	3680
412.5	290	3370
415	290	3190
417.5	290	3280
420	290	3280
422.5	290	3200
425	290	3440
427.5	290	3460
430	290	3400
432.5	290	3230
435	290	3220
437.5	290	3110
440	290	2920
442.5	290	2800
445	290	2810
447.5	290	2630
450	290	2620
452.5	290	2560
455	290	2570
457.5	290	2340
460	290	2410
462.5	290	2140
465	290	2050
467.5	290	1960
470	290	1840
472.5	290	2120
475	290	1810
477.5	290	1920
480	290	1750
482.5	290	1570
485	290	1330
487.5	290	1440
490	290	1440
492.5	290	1540
495	290	1330
497.5	290	1340
500	290	1530
502.5	290	1410
505	290	1390
507.5	290	1150
510	290	1270
512.5	290	1120
515	290	1120
517.5	290	1040
520	290	910
522.5	290	1170
525	290	1080
527.5	290	1300
530	290	890
532.5	290	1040
535	290	1030
537.5	290	920
540	290	960
542.5	290	1080
545	290	1130
547.5	290	1070
550	290	1130
250	295	610
252.5	295	790
255	295	620
257.5	295	700
260	295	670
262.5	295	670
265	295	740
267.5	295	650
270	295	650
272.5	295	760
275	295	860
277.5	295	770
280	295	1030
282.5	295	1500
285	295	15140
287.5	295	136610
290	295	482660
292.5	295	878340
295	295	917030
297.5	295	568680
300	295	192060
302.5	295	38540
305	295	12790
307.5	295	11950
310	295	11760
312.5	295	12630
315	295	14370
317.5	295	26690
320	295	71510
322.5	295	155890
325	295	246380
327.5	295	282490
330	295	235160
332.5	295	137570
335	295	57110
337.5	295	22290
340	295	10730
342.5	295	8700
345	295	8230
347.5	295	7010
350	295	6380
352.5	295	6520
355	295	6290
357.5	295	6310
360	295	5800
362.5	295	5510
365	295	5700
367.5	295	4990
370	295	4960
372.5	295	5290
375	295	4730
377.5	295	4400
380	295	4580
382.5	295	4280
385	295	4290
387.5	295	3920
390	295	3860
392.5	295	3790
395	295	3820
397.5	295	3980
400	295	3950
402.5	295	3570
405	295	3740
407.5	295	4140
410	295	3590
412.5	295	4110
415	295	3660
417.5	295	3490
420	295	3660
422.5	295	3350
425	295	3370
427.5	295	3250
430	295	3270
432.5	295	3360
435	295	2970
437.5	295	2940
440	295	3080
442.5	295	3060
445	295	3050
447.5	295	2830
450	295	3190
452.5	295	2800
455	295	2380
457.5	295	2340
460	295	2260
462.5	295	2460
465	295	2450
467.5	295	2050
470	295	1820
472.5	295	2180
475	295	1630
477.5	295	2040
480	295	1500
482.5	295	1750
485	295	1680
487.5	295	1810
490	295	1630
492.5	295	1580
495	295	1260
497.5	295	1480
500	295	1510
502.5	295	1620
505	295	1360
507.5	295	1420
510	295	1320
512.5	295	1420
515	295	1280
517.5	295	1080
520	295	1100
522.5	295	1320
525	295	1040
527.5	295	1120
530	295	1090
532.5	295	1180
535	295	970
537.5	295	940
540	295	1190
542.5	295	1170
545	295	950
547.5	295	880
550	295	1060
250	300	540
252.5	300	590
255	300	590
257.5	300	670
260	300	660
262.5	300	670
265	300	870
267.5	300	710
270	300	780
272.5	300	880
275	300	760
277.5	300	770
280	300	1010
282.5	300	1190
285	300	1110
287.5	300	1920
290	300	24760
292.5	300	188820
295	300	634500
297.5	300	1089360
300	300	1117800
302.5	300	678830
305	300	230350
307.5	300	45660
310	300	15360
312.5	300	14030
315	300	13540
317.5	300	13400
320	300	14030
322.5	300	20530
325	300	49650
327.5	300	124240
330	300	233160
332.5	300	305880
335	300	293340
337.5	300	198890
340	300	93010
342.5	300	34200
345	300	14270
347.5	300	9060
350	300	8040
352.5	300	6570
355	300	6350
357.5	300	5400
360	300	5850
362.5	300	5300
365	300	4970
367.5	300	5210
370	300	5610
372.5	300	5460
375	300	5140
377.5	300	4870
380	300	4760
382.5	300	4630
385	300	4580
387.5	300	4690
390	300	4400
392.5	300	4170
395	300	4510
397.5	300	4320
400	300	4300
402.5	300	3660
405	300	3730
407.5	300	4400
410	300	4180
412.5	300	3720
415	300	3770
417.5	300	3740
420	300	3810
422.5	300	3290
425	300	3850
427.5	300	3330
430	300	4000
432.5	300	3430
435	300	3470
437.5	300	3660
440	300	3450
442.5	300	3360
445	300	2980
447.5	300	2830
450	300	2900
452.5	300	2760
455	300	2730
457.5	300	2650
460	300	2750
462.5	300	2210
465	300	2410
467.5	300	2480
470	300	2490
472.5	300	2030
475	300	1990
477.5	300	2170
480	300	1870
482.5	300	1660
485	300	1920
487.5	300	1940
490	300	1830
492.5	300	1780
495	300	1580
497.5	300	1680
500	300	1470
502.5	300	1610
505	300	1320
507.5	300	1290
510	300	1350
512.5	300	1430
515	300	1130
517.5	300	1220
520	300	1250
522.5	300	1280
525	300	1120
527.5	300	1240
530	300	1240
532.5	300	1140
535	300	1190
537.5	300	890
540	300	900
542.5	300	1190
545	300	1130
547.5	300	1090
550	300	1120
250	305	610
252.5	305	690
255	305	690
257.5	305	670
260	305	680
262.5	305	710
265	305	590
267.5	305	630
270	305	780
272.5	305	770
275	305	860
277.5	305	760
280	305	720
282.5	305	740
285	305	820
287.5	305	1190
290	305	1300
292.5	305	2540
295	305	30060
297.5	305	231750
300	305	759850
302.5	305	1299630
305	305	1344750
307.5	305	822800
310	305	299930
312.5	305	61730
315	305	16480
317.5	305	14600
320	305	13760
322.5	305	12810
325	305	12040
327.5	305	13860
330	305	31490
332.5	305	87950
335	305	196700
337.5	305	306170
340	305	338310
342.5	305	261560
345	305	144890
347.5	305	58070
350	305	20840
352.5	305	10060
355	305	7520
357.5	305	6170
360	305	5360
362.5	305	5290
365	305	5080
367.5	305	5260
370	305	5030
372.5	305	4950
375	305	4860
377.5	305	4620
380	305	5240
382.5	305	4930
385	305	4740
387.5	305	5100
390	305	5200
392.5	305	4390
395	305	4500
397.5	305	4660
400	305	4470
402.5	305	4090
405	305	4330
407.5	305	4280
410	305	3960
412.5	305	3940
415	305	4210
417.5	305	4050
420	305	3700
422.5	305	3640
425	305	4080
427.5	305	3870
430	305	3940
432.5	305	4080
435	305	3630
437.5	305	3650
440	305	3340
442.5	305	3440
445	305	3000
447.5	305	3270
450	305	3000
452.5	305	2790
455	305	2580
457.5	305	2600
460	305	2570
462.5	305	2440
465	305	2530
467.5	305	2200
470	305	2380
472.5	305	2300
475	305	2140
477.5	305	2310
480	305	2140
482.5	305	1990
485	305	1730
487.5	305	1590
490	305	1640
492.5	305	1740
495	305	1660
497.5	305	1780
500	305	1770
502.5	305	1510
505	305	1460
507.5	305	1420
510	305	1390
512.5	305	1380
515	305	1250
517.5	305	1440
520	305	1400
522.5	305	1100
525	305	1110
527.5	305	1190
530	305	1150
532.5	305	1140
535	305	1240
537.5	305	1270
540	305	950
542.5	305	980
545	305	1040
547.5	305	1120
550	305	1260
250	310	590
252.5	310	390
255	310	750
257.5	310	610
260	310	760
262.5	310	570
265	310	620
267.5	310	640
270	310	680
272.5	310	840
275	310	730
277.5	310	840
280	310	830
282.5	310	880
285	310	960
287.5	310	920
290	310	1090
292.5	310	1470
295	310	1670
297.5	310	2940
300	310	37460
302.5	310	275720
305	310	873690
307.5	310	1508900
310	310	1575290
312.5	310	1024730
315	310	373860
317.5	310	72210
320	310	16910
322.5	310	13540
325	310	12140
327.5	310	11220
330	310	11190
332.5	310	11120
335	310	19130
337.5	310	60680
340	310	156750
342.5	310	288240
345	310	363020
347.5	310	332010
350	310	213370
352.5	310	103090
355	310	36890
357.5	310	14750
360	310	8410
362.5	310	6160
365	310	5420
367.5	310	5540
370	310	5130
372.5	310	4890
375	310	4550
377.5	310	4350
380	310	4380
382.5	310	4510
385	310	4650
387.5	310	4930
390	310	5370
392.5	310	4760
395	310	4810
397.5	310	4300
400	310	4710
402.5	310	4250
405	310	3940
407.5	310	4170
410	310	3700
412.5	310	3800
415	310	4160
417.5	310	4180
420	310	4090
422.5	310	4100
425	310	3650
427.5	310	3400
430	310	3520
432.5	310	3830
435	310	3760
437.5	310	3550
440	310	3440
442.5	310	3250
445	310	3380
447.5	310	3350
450	310	3020
452.5	310	3140
455	310	2890
457.5	310	2840
460	310	2740
462.5	310	2270
465	310	2350
467.5	310	2300
470	310	2510
472.5	310	2130
475	310	2370
477.5	310	1950
480	310	2190
482.5	310	1720
485	310	2020
487.5	310	1840
490	310	2040
492.5	310	1760
495	310	1640
497.5	310	1760
500	310	1640
502.5	310	1500
505	310	1380
507.5	310	1700
510	310	1330
512.5	310	1470
515	310	1300
517.5	310	1450
520	310	1450
522.5	310	1070
525	310	1300
527.5	310	1180
530	310	1380
532.5	310	1200
535	310	1150
537.5	310	1040
540	310	1210
542.5	310	1080
545	310	1230
547.5	310	970
550	310	1080
250	315	660
252.5	315	710
255	315	720
257.5	315	740
260	315	590
262.5	315	750
265	315	820
267.5	315	630
270	315	540
272.5	315	780
275	315	690
277.5	315	710
280	315	920
282.5	315	780
285	315	1000
287.5	315	970
290	315	950
292.5	315	1130
295	315	1380
297.5	315	1470
300	315	1840
302.5	315	3000
305	315	37440
307.5	315	293970
310	315	944400
312.5	315	1668910
315	315	1802980
317.5	315	1190320
320	315	435950
322.5	315	90500
325	315	17920
327.5	315	14040
330	315	12060
332.5	315	12100
335	315	10690
337.5	315	9960
340	315	13040
342.5	315	37730
345	315	113440
347.5	315	245880
350	315	362240
352.5	315	386480
355	315	299630
357.5	315	163400
360	315	69790
362.5	315	25200
365	315	11510
367.5	315	7220
370	315	5790
372.5	315	5660
375	315	5170
377.5	315	4680
380	315	4680
382.5	315	4910
385	315	4330
387.5	315	5000
390	315	4930
392.5	315	4600
395	315	4510
397.5	315	5050
400	315	4670
402.5	315	5020
405	315	5280
407.5	315	4310
410	315	4610
412.5	315	4430
415	315	4600
417.5	315	4280
420	315	4280
422.5	315	4160
425	315	4130
427.5	315	3890
430	315	4090
432.5	315	3940
435	315	3740
437.5	315	3640
440	315	3800
442.5	315	3760
445	315	3160
447.5	315	3260
450	315	3270
452.5	315	3090
455	315	3190
457.5	315	3040
460	315	2590
462.5	315	2460
465	315	2530
467.5	315	2440
470	315	2470
472.5	315	2100
475	315	2290
477.5	315	2140
480	315	2340
482.5	315	1880
485	315	2050
487.5	315	2120
490	315	1750
492.5	315	2010
495	315	2080
497.5	315	1840
500	315	1760
502.5	315	1720
505	315	1530
507.5	315	1810
510	315	1270
512.5	315	1410
515	315	1370
517.5	315	1500
520	315	1570
522.5	315	1310
525	315	1130
527.5	315	1120
530	315	1120
532.5	315	1270
535	315	1240
537.5	315	1310
540	315	1140
542.5	315	1060
545	315	1090
547.5	315	1030
550	315	890
250	320	580
252.5	320	730
255	320	700
257.5	320	590
260	320	670
262.5	320	670
265	320	780
267.5	320	620
270	320	640
272.5	320	810
275	320	700
277.5	320	910
280	320	800
282.5	320	870
285	320	1000
287.5	320	1090
290	320	840
292.5	320	1000
295	320	1170
297.5	320	1300
300	320	1290
302.5	320	1420
305	320	2020
307.5	320	3170
310	320	35150
312.5	320	291380
315	320	994330
317.5	320	1840430
320	320	2032480
322.5	320	1380460
325	320	532760
327.5	320	103730
330	320	20030
332.5	320	14310
335	320	12820
337.5	320	12460
340	320	11900
342.5	320	10060
345	320	10830
347.5	320	24380
350	320	76900
352.5	320	188590
355	320	327070
357.5	320	411470
360	320	379690
362.5	320	254820
365	320	127720
367.5	320	51050
370	320	19350
372.5	320	10050
375	320	7190
377.5	320	5980
380	320	5090
382.5	320	4880
385	320	5130
387.5	320	4700
390	320	5000
392.5	320	4730
395	320	4480
397.5	320	4560
400	320	4950
402.5	320	5080
405	320	4970
407.5	320	4940
410	320	4660
412.5	320	4800
415	320	4830
417.5	320	4300
420	320	4250
422.5	320	3920
425	320	4310
427.5	320	4280
430	320	4290
432.5	320	4040
435	320	4220
437.5	320	3950
440	320	3710
442.5	320	4070
445	320	3520
447.5	320	3400
450	320	3470
452.5	320	3210
455	320	3150
457.5	320	2980
460	320	2730
462.5	320	2910
465	320	2420
467.5	320	2960
470	320	2290
472.5	320	2400
475	320	2400
477.5	320	2370
480	320	2240
482.5	320	2200
485	320	2200
487.5	320	2060
490	320	1980
492.5	320	1800
495	320	1730
497.5	320	1910
500	320	1810
502.5	320	1720
505	320	1720
507.5	320	1730
510	320	1590
512.5	320	1830
515	320	1750
517.5	320	1350
520	320	1290
522.5	320	1520
525	320	1420
527.5	320	1350
530	320	1230
532.5	320	1330
535	320	1070
537.5	320	1150
540	320	1060
542.5	320	1190
545	320	1170
547.5	320	880
550	320	880
250	325	840
252.5	325	570
255	325	770
257.5	325	500
260	325	600
262.5	325	650
265	325	800
267.5	325	720
270	325	890
272.5	325	740
275	325	820
277.5	325	830
280	325	800
282.5	325	720
285	325	810
287.5	325	870
290	325	880
292.5	325	950
295	325	1000
297.5	325	990
300	325	1160
302.5	325	1170
305	325	1150
307.5	325	1570
310	325	1920
312.5	325	2870
315	325	30580
317.5	325	283510
320	325	1050060
322.5	325	1968340
325	325	2231310
327.5	325	1543240
330	325	603910
332.5	325	122030
335	325	20900
337.5	325	14400
340	325	13490
342.5	325	12500
345	325	12230
347.5	325	10240
350	325	9990
352.5	325	16340
355	325	45300
357.5	325	129170
360	325	265680
362.5	325	386680
365	325	419820
367.5	325	348830
370	325	213600
372.5	325	97190
375	325	35720
377.5	325	15600
380	325	9360
382.5	325	7310
385	325	6210
387.5	325	5940
390	325	5530
392.5	325	4890
395	325	5220
397.5	325	5040
400	325	5030
402.5	325	5260
405	325	5060
407.5	325	4700
410	325	5320
412.5	325	5430
415	325	5400
417.5	325	5520
420	325	4920
422.5	325	4920
425	325	4490
427.5	325	4810
430	325	4210
432.5	325	4470
435	325	4240
437.5	325	4000
440	325	4040
442.5	325	4010
445	325	3820
447.5	325	3580
450	325	3620
452.5	325	3400
455	325	3360
457.5	325	3320
460	325	3150
462.5	325	3060
465	325	2870
467.5	325	3150
470	325	2750
472.5	325	2830
475	325	2410
477.5	325	2460
480	325	2380
482.5	325	2290
485	325	2250
487.5	325	2160
490	325	2100
492.5	325	1890
495	325	1970
497.5	325	1890
500	325	1920
502.5	325	1780
505	325	1530
507.5	325	1490
510	325	1800
512.5	325	1710
515	325	1750
517.5	325	1410
520	325	1430
522.5	325	1360
525	325	1390
527.5	325	1380
530	325	1340
532.5	325	1470
535	325	1530
537.5	325	1440
540	325	1160
542.5	325	1220
545	325	1090
547.5	325	1030
550	325	1080
250	330	800
252.5	330	650
255	330	830
257.5	330	660
260	330	820
262.5	330	570
265	330	660
267.5	330	720
270	330	680
272.5	330	600
275	330	670
277.5	330	660
280	330	940
282.5	330	730
285	330	840
287.5	330	830
290	330	830
292.5	330	890
295	330	850
297.5	330	1010
300	330	1010
302.5	330	1090
305	330	1120
307.5	330	1440
310	330	1450
312.5	330	1750
315	330	1920
317.5	330	2850
320	330	25050
322.5	330	257820
325	330	998830
327.5	330	2029090
330	330	2411630
332.5	330	1735680
335	330	699230
337.5	330	142820
340	330	22530
342.5	330	15500
345	330	14350
347.5	330	13430
350	330	13360
352.5	330	11540
355	330	11280
357.5	330	12360
360	330	24170
362.5	330	71270
365	330	173220
367.5	330	305610
370	330	415670
372.5	330	415130
375	330	309760
377.5	330	175110
380	330	76390
382.5	330	28790
385	330	13540
387.5	330	9090
390	330	7120
392.5	330	6010
395	330	5720
397.5	330	5300
400	330	5300
402.5	330	5370
405	330	5100
407.5	330	5190
410	330	4910
412.5	330	5590
415	330	5290
417.5	330	5030
420	330	5180
422.5	330	5030
425	330	5370
427.5	330	5470
430	330	5120
432.5	330	5200
435	330	4680
437.5	330	4660
440	330	4580
442.5	330	3920
445	330	3890
447.5	330	3830
450	330	4030
452.5	330	4150
455	330	3480
457.5	330	3550
460	330	3180
462.5	330	2930
465	330	3090
467.5	330	3070
470	330	2800
472.5	330	2950
475	330	2700
477.5	330	2820
480	330	2370
482.5	330	2480
485	330	2400
487.5	330	1930
490	330	2320
492.5	330	2190
495	330	2150
497.5	330	1870
500	330	1800
502.5	330	1710
505	330	1870
507.5	330	1570
510	330	1700
512.5	330	1680
515	330	1500
517.5	330	1690
520	330	1420
522.5	330	1320
525	330	1450
527.5	330	1330
530	330	1350
532.5	330	1530
535	330	1500
537.5	330	1070
540	330	1170
542.5	330	1220
545	330	1110
547.5	330	1280
550	330	1010
250	335	680
252.5	335	830
255	335	650
257.5	335	690
260	335	720
262.5	335	690
265	335	610
267.5	335	810
270	335	560
272.5	335	630
275	335	670
277.5	335	670
280	335	680
282.5	335	830
285	335	860
287.5	335	720
290	335	970
292.5	335	820
295	335	890
297.5	335	1160
300	335	1040
302.5	335	890
305	335	1110
307.5	335	1160
310	335	1370
312.5	335	1770
315	335	1120
317.5	335	2060
320	335	2250
322.5	335	3600
325	335	22110
327.5	335	260320
330	335	1034430
332.5	335	2146200
335	335	2541840
337.5	335	1789270
340	335	685130
342.5	335	130360
345	335	22420
347.5	335	16600
350	335	14530
352.5	335	13740
355	335	13050
357.5	335	11940
360	335	10400
362.5	335	11260
365	335	15170
367.5	335	38290
370	335	103580
372.5	335	226900
375	335	364330
377.5	335	426640
380	335	384490
382.5	335	252600
385	335	125470
387.5	335	49830
390	335	20020
392.5	335	11630
395	335	8360
397.5	335	6700
400	335	6100
402.5	335	5720
405	335	5980
407.5	335	5510
410	335	5580
412.5	335	5060
415	335	5300
417.5	335	5330
420	335	5010
422.5	335	5340
425	335	5140
427.5	335	4840
430	335	5130
432.5	335	5290
435	335	5070
437.5	335	5300
440	335	4660
442.5	335	4890
445	335	4270
447.5	335	4140
450	335	4230
452.5	335	4090
455	335	3930
457.5	335	3740
460	335	3230
462.5	335	3740
465	335	3330
467.5	335	2890
470	335	3160
472.5	335	2760
475	335	2340
477.5	335	2660
480	335	2830
482.5	335	2130
485	335	2180
487.5	335	2240
490	335	2280
492.5	335	2200
495	335	2210
497.5	335	2160
500	335	1890
502.5	335	1950
505	335	1690
507.5	335	2000
510	335	1750
512.5	335	1570
515	335	1540
517.5	335	1730
520	335	1500
522.5	335	1230
525	335	1250
527.5	335	1320
530	335	1360
532.5	335	1260
535	335	1310
537.5	335	1400
540	335	1190
542.5	335	1240
545	335	1210
547.5	335	1340
550	335	1120
250	340	790
252.5	340	620
255	340	530
257.5	340	790
260	340	690
262.5	340	760
265	340	760
267.5	340	610
270	340	740
272.5	340	580
275	340	790
277.5	340	730
280	340	720
282.5	340	780
285	340	700
287.5	340	840
290	340	710
292.5	340	610
295	340	1040
297.5	340	910
300	340	930
302.5	340	960
305	340	1110
307.5	340	1060
310	340	1050
312.5	340	1410
315	340	1360
317.5	340	1160
320	340	1420
322.5	340	1650
325	340	2240
327.5	340	3470
330	340	24610
332.5	340	273280
335	340	1157910
337.5	340	2293070
340	340	2623350
342.5	340	1760760
345	340	646850
347.5	340	116510
350	340	23050
352.5	340	16610
355	340	13950
357.5	340	14060
360	340	14110
362.5	340	12020
365	340	11520
367.5	340	10280
370	340	11080
372.5	340	22700
375	340	64530
377.5	340	158190
380	340	290620
382.5	340	406630
385	340	416520
387.5	340	327420
390	340	190620
392.5	340	82750
395	340	29890
397.5	340	14010
400	340	9870
402.5	340	7230
405	340	6100
407.5	340	5820
410	340	5790
412.5	340	6360
415	340	5340
417.5	340	5170
420	340	5100
422.5	340	5340
425	340	5170
427.5	340	5470
430	340	5300
432.5	340	4740
435	340	4970
437.5	340	5340
440	340	5210
442.5	340	4810
445	340	4800
447.5	340	4920
450	340	4290
452.5	340	4080
455	340	3940
457.5	340	3870
460	340	3850
462.5	340	3340
465	340	3410
467.5	340	3350
470	340	3240
472.5	340	2760
475	340	2710
477.5	340	2790
480	340	2370
482.5	340	2590
485	340	2290
487.5	340	2350
490	340	2340
492.5	340	1860
495	340	2280
497.5	340	2130
500	340	1880
502.5	340	1920
505	340	1920
507.5	340	1690
510	340	1560
512.5	340	1580
515	340	1730
517.5	340	1790
520	340	1510
522.5	340	1420
525	340	1630
527.5	340	1230
530	340	1270
532.5	340	1510
535	340	1470
537.5	340	1550
540	340	1270
542.5	340	1240
545	340	1220
547.5	340	1210
550	340	1020
250	345	600
252.5	345	600
255	345	790
257.5	345	700
260	345	620
262.5	345	530
265	345	570
267.5	345	620
270	345	600
272.5	345	690
275	345	680
277.5	345	710
280	345	810
282.5	345	790
285	345	870
287.5	345	770
290	345	600
292.5	345	770
295	345	940
297.5	345	700
300	345	950
302.5	345	900
305	345	870
307.5	345	1220
310	345	850
312.5	345	1150
315	345	1050
317.5	345	1210
320	345	1110
322.5	345	1150
325	345	1390
327.5	345	1800
330	345	1860
332.5	345	3850
335	345	29890
337.5	345	332260
340	345	1296650
342.5	345	2480560
345	345	2700110
347.5	345	1710530
350	345	602110
352.5	345	110470
355	345	23170
357.5	345	17170
360	345	14600
362.5	345	14240
365	345	13390
367.5	345	13370
370	345	11190
372.5	345	9560
375	345	10500
377.5	345	14410
380	345	34770
382.5	345	97660
385	345	216410
387.5	345	348860
390	345	416480
392.5	345	374220
395	345	246450
397.5	345	121840
400	345	48430
402.5	345	18910
405	345	11710
407.5	345	8690
410	345	7220
412.5	345	5830
415	345	6050
417.5	345	5870
420	345	5480
422.5	345	5430
425	345	5450
427.5	345	5410
430	345	4990
432.5	345	5200
435	345	5000
437.5	345	4810
440	345	5010
442.5	345	5180
445	345	4810
447.5	345	5130
450	345	4710
452.5	345	4760
455	345	4110
457.5	345	4140
460	345	4110
462.5	345	3520
465	345	3500
467.5	345	3860
470	345	3480
472.5	345	3110
475	345	3140
477.5	345	2680
480	345	2920
482.5	345	2650
485	345	2700
487.5	345	2640
490	345	2350
492.5	345	2260
495	345	2110
497.5	345	2150
500	345	2130
502.5	345	2170
505	345	1920
507.5	345	1670
510	345	1810
512.5	345	1690
515	345	1680
517.5	345	1640
520	345	1380
522.5	345	1510
525	345	1520
527.5	345	1390
530	345	1380
532.5	345	1250
535	345	1280
537.5	345	1240
540	345	1470
542.5	345	1290
545	345	1150
547.5	345	910
550	345	1130
250	350	680
252.5	350	620
255	350	740
257.5	350	620
260	350	690
262.5	350	660
265	350	690
267.5	350	710
270	350	640
272.5	350	670
275	350	650
277.5	350	560
280	350	730
282.5	350	630
285	350	600
287.5	350	770
290	350	890
292.5	350	710
295	350	780
297.5	350	770
300	350	860
302.5	350	860
305	350	1010
307.5	350	940
310	350	920
312.5	350	1050
315	350	1090
317.5	350	1200
320	350	1290
322.5	350	1180
325	350	1440
327.5	350	1600
330	350	1470
332.5	350	1820
335	350	2440
337.5	350	3950
340	350	37810
342.5	350	391380
345	350	1441570
347.5	350	2632730
350	350	2789440
352.5	350	1762100
355	350	616790
357.5	350	108920
360	350	23580
362.5	350	16770
365	350	14810
367.5	350	13810
370	350	14220
372.5	350	13050
375	350	11460
377.5	350	11140
380	350	9480
382.5	350	10810
385	350	20500
387.5	350	57900
390	350	146150
392.5	350	273600
395	350	378310
397.5	350	396450
400	350	303080
402.5	350	171380
405	350	77370
407.5	350	31830
410	350	17260
412.5	350	12950
415	350	10630
417.5	350	8970
420	350	8220
422.5	350	8090
425	350	8510
427.5	350	8470
430	350	7750
432.5	350	8210
435	350	8090
437.5	350	7680
440	350	8060
442.5	350	7930
445	350	7600
447.5	350	7120
450	350	7260
452.5	350	6340
455	350	6510
457.5	350	7080
460	350	5980
462.5	350	6260
465	350	5650
467.5	350	5660
470	350	5040
472.5	350	4770
475	350	4540
477.5	350	4410
480	350	4390
482.5	350	4080
485	350	3960
487.5	350	3730
490	350	3570
492.5	350	3230
495	350	3340
497.5	350	3210
500	350	2930
502.5	350	2790
505	350	2760
507.5	350	2330
510	350	2830
512.5	350	2230
515	350	2320
517.5	350	2310
520	350	2080
522.5	350	1680
525	350	1910
527.5	350	1580
530	350	1590
532.5	350	1500
535	350	1320
537.5	350	1330
540	350	1620
542.5	350	1330
545	350	1230
547.5	350	1230
550	350	1260
250	355	630
252.5	355	780
255	355	670
257.5	355	730
260	355	590
262.5	355	700
265	355	550
267.5	355	650
270	355	660
272.5	355	650
275	355	720
277.5	355	770
280	355	630
282.5	355	670
285	355	580
287.5	355	760
290	355	820
292.5	355	570
295	355	640
297.5	355	690
300	355	650
302.5	355	780
305	355	830
307.5	355	920
310	355	830
312.5	355	850
315	355	880
317.5	355	1120
320	355	1150
322.5	355	990
325	355	1160
327.5	355	1400
330	355	1390
332.5	355	1400
335	355	1660
337.5	355	1970
340	355	2470
342.5	355	4200
345	355	46260
347.5	355	447310
350	355	1537340
352.5	355	2716570
355	355	2832110
357.5	355	1771740
360	355	618770
362.5	355	111700
365	355	23750
367.5	355	17730
370	355	14720
372.5	355	13470
375	355	13600
377.5	355	13450
380	355	11720
382.5	355	10840
385	355	9540
387.5	355	9700
390	355	13240
392.5	355	33400
395	355	93590
397.5	355	203960
400	355	320670
402.5	355	381800
405	355	342370
407.5	355	227490
410	355	117710
412.5	355	50380
415	355	22100
417.5	355	12920
420	355	9520
422.5	355	7470
425	355	6060
427.5	355	6140
430	355	5930
432.5	355	5880
435	355	5420
437.5	355	5330
440	355	5260
442.5	355	5040
445	355	4830
447.5	355	4590
450	355	4580
452.5	355	4410
455	355	4030
457.5	355	4050
460	355	4110
462.5	355	4080
465	355	3990
467.5	355	3370
470	355	3680
472.5	355	3520
475	355	3170
477.5	355	3060
480	355	2840
482.5	355	2700
485	355	2680
487.5	355	2480
490	355	2380
492.5	355	2430
495	355	2310
497.5	355	2170
500	355	1790
502.5	355	1770
505	355	1760
507.5	355	1700
510	355	1750
512.5	355	1840
515	355	1590
517.5	355	1570
520	355	1640
522.5	355	1560
525	355	1420
527.5	355	1440
530	355	1460
532.5	355	1350
535	355	1290
537.5	355	1340
540	355	1250
542.5	355	1230
545	355	1180
547.5	355	1200
550	355	990
250	360	670
252.5	360	540
255	360	590
257.5	360	570
260	360	670
262.5	360	410
265	360	610
267.5	360	550
270	360	390
272.5	360	550
275	360	630
277.5	360	610
280	360	720
282.5	360	700
285	360	730
287.5	360	720
290	360	730
292.5	360	590
295	360	650
297.5	360	620
300	360	840
302.5	360	840
305	360	860
307.5	360	830
310	360	970
312.5	360	920
315	360	790
317.5	360	920
320	360	1140
322.5	360	1150
325	360	1000
327.5	360	1000
330	360	1090
332.5	360	1270
335	360	1180
337.5	360	1320
340	360	1640
342.5	360	1920
345	360	2390
347.5	360	4600
350	360	51220
352.5	360	456180
355	360	1562100
357.5	360	2736150
360	360	2859350
362.5	360	1838530
365	360	668220
367.5	360	128730
370	360	25780
372.5	360	17960
375	360	15500
377.5	360	13890
380	360	13190
382.5	360	13220
385	360	12560
387.5	360	10780
390	360	9550
392.5	360	9020
395	360	10120
397.5	360	19350
400	360	53750
402.5	360	132780
405	360	247540
407.5	360	335400
410	360	357690
412.5	360	286900
415	360	176540
417.5	360	84170
420	360	36750
422.5	360	18180
425	360	12330
427.5	360	9310
430	360	8250
432.5	360	6880
435	360	7290
437.5	360	6460
440	360	7080
442.5	360	6190
445	360	6600
447.5	360	6270
450	360	5990
452.5	360	5770
455	360	5270
457.5	360	5040
460	360	5120
462.5	360	4730
465	360	4900
467.5	360	4560
470	360	4470
472.5	360	4140
475	360	3940
477.5	360	4080
480	360	3770
482.5	360	3830
485	360	3430
487.5	360	3110
490	360	3010
492.5	360	2960
495	360	2730
497.5	360	2650
500	360	2710
502.5	360	2470
505	360	2290
507.5	360	2070
510	360	1930
512.5	360	2020
515	360	1700
517.5	360	1980
520	360	2020
522.5	360	1560
525	360	1660
527.5	360	1640
530	360	1350
532.5	360	1410
535	360	1460
537.5	360	1320
540	360	1130
542.5	360	1310
545	360	1220
547.5	360	1240
550	360	1290
250	365	700
252.5	365	700
255	365	590
257.5	365	590
260	365	610
262.5	365	550
265	365	530
267.5	365	670
270	365	550
272.5	365	570
275	365	520
277.5	365	590
280	365	800
282.5	365	620
285	365	660
287.5	365	650
290	365	630
292.5	365	580
295	365	580
297.5	365	720
300	365	760
302.5	365	670
305	365	740
307.5	365	820
310	365	800
312.5	365	970
315	365	680
317.5	365	770
320	365	970
322.5	365	780
325	365	950
327.5	365	1010
330	365	1040
332.5	365	960
335	365	1280
337.5	365	1220
340	365	1140
342.5	365	1250
345	365	1310
347.5	365	1920
350	365	2470
352.5	365	4560
355	365	53830
357.5	365	483470
360	365	1600500
362.5	365	2784530
365	365	2925730
367.5	365	1912790
370	365	734050
372.5	365	143500
375	365	26910
377.5	365	18330
380	365	15010
382.5	365	13180
385	365	13290
387.5	365	12880
390	365	11840
392.5	365	10780
395	365	9410
397.5	365	8630
400	365	8560
402.5	365	12540
405	365	31990
407.5	365	82550
410	365	172370
412.5	365	273900
415	365	335850
417.5	365	316810
420	365	236740
422.5	365	134250
425	365	61400
427.5	365	25430
430	365	13520
432.5	365	9520
435	365	7660
437.5	365	5960
440	365	5400
442.5	365	4860
445	365	4610
447.5	365	4470
450	365	4320
452.5	365	3910
455	365	3920
457.5	365	4000
460	365	4090
462.5	365	3550
465	365	3290
467.5	365	3410
470	365	3050
472.5	365	2900
475	365	3050
477.5	365	2810
480	365	3020
482.5	365	2700
485	365	2640
487.5	365	2500
490	365	2840
492.5	365	2180
495	365	2470
497.5	365	2130
500	365	1710
502.5	365	1920
505	365	1880
507.5	365	2070
510	365	1690
512.5	365	1610
515	365	1540
517.5	365	1750
520	365	1540
522.5	365	1480
525	365	1460
527.5	365	1300
530	365	1480
532.5	365	1610
535	365	1410
537.5	365	1280
540	365	1070
542.5	365	1430
545	365	910
547.5	365	1120
550	365	1050
250	370	780
252.5	370	690
255	370	530
257.5	370	520
260	370	580
262.5	370	490
265	370	440
267.5	370	500
270	370	530
272.5	370	580
275	370	690
277.5	370	610
280	370	660
282.5	370	590
285	370	700
287.5	370	560
290	370	590
292.5	370	800
295	370	620
297.5	370	690
300	370	700
302.5	370	710
305	370	700
307.5	370	870
310	370	750
312.5	370	720
315	370	830
317.5	370	740
320	370	770
322.5	370	990
325	370	880
327.5	370	980
330	370	1030
332.5	370	1180
335	370	1080
337.5	370	1180
340	370	1150
342.5	370	980
345	370	1180
347.5	370	1310
350	370	1710
352.5	370	1980
355	370	2620
357.5	370	4040
360	370	50090
362.5	370	440650
365	370	1517240
367.5	370	2723640
370	370	2988080
372.5	370	2027390
375	370	776920
377.5	370	161160
380	370	28680
382.5	370	18550
385	370	15050
387.5	370	12840
390	370	12840
392.5	370	12430
395	370	11230
397.5	370	10150
400	370	9520
402.5	370	8490
405	370	7670
407.5	370	8270
410	370	16350
412.5	370	45060
415	370	107550
417.5	370	195120
420	370	282680
422.5	370	313280
425	370	276270
427.5	370	189890
430	370	103530
432.5	370	46190
435	370	20160
437.5	370	11520
440	370	8220
442.5	370	7030
445	370	5400
447.5	370	4390
450	370	4290
452.5	370	3550
455	370	3840
457.5	370	3250
460	370	3580
462.5	370	3250
465	370	2880
467.5	370	3200
470	370	2970
472.5	370	3140
475	370	2390
477.5	370	3000
480	370	2690
482.5	370	2340
485	370	2490
487.5	370	2490
490	370	2380
492.5	370	2420
495	370	2280
497.5	370	2300
500	370	1960
502.5	370	2080
505	370	1980
507.5	370	1770
510	370	1940
512.5	370	1560
515	370	1610
517.5	370	1440
520	370	1630
522.5	370	1550
525	370	1290
527.5	370	1330
530	370	1020
532.5	370	1130
535	370	1240
537.5	370	1040
540	370	1110
542.5	370	1060
545	370	1210
547.5	370	1080
550	370	990
250	375	530
252.5	375	560
255	375	550
257.5	375	620
260	375	590
262.5	375	640
265	375	640
267.5	375	510
270	375	620
272.5	375	630
275	375	640
277.5	375	540
280	375	620
282.5	375	600
285	375	570
287.5	375	470
290	375	690
292.5	375	570
295	375	560
297.5	375	630
300	375	670
302.5	375	550
305	375	660
307.5	375	630
310	375	650
312.5	375	790
315	375	790
317.5	375	650
320	375	730
322.5	375	680
325	375	790
327.5	375	940
330	375	1090
332.5	375	1060
335	375	790
337.5	375	1190
340	375	1040
342.5	375	990
345	375	1110
347.5	375	1120
350	375	1330
352.5	375	1560
355	375	1500
357.5	375	1740
360	375	2500
362.5	375	4460
365	375	44640
367.5	375	399260
370	375	1416940
372.5	375	2667320
375	375	2999050
377.5	375	2055360
380	375	810750
382.5	375	168520
385	375	28140
387.5	375	18200
390	375	14700
392.5	375	12150
395	375	12200
397.5	375	12650
400	375	11560
402.5	375	10200
405	375	8070
407.5	375	7890
410	375	8080
412.5	375	7500
415	375	9770
417.5	375	23410
420	375	58920
422.5	375	124990
425	375	207340
427.5	375	276910
430	375	287000
432.5	375	234680
435	375	151230
437.5	375	74290
440	375	31740
442.5	375	14440
445	375	8930
447.5	375	7310
450	375	4870
452.5	375	4320
455	375	3780
457.5	375	3710
460	375	3700
462.5	375	3060
465	375	2950
467.5	375	3280
470	375	3020
472.5	375	2720
475	375	2630
477.5	375	2710
480	375	2540
482.5	375	2480
485	375	2380
487.5	375	2030
490	375	2200
492.5	375	2040
495	375	2190
497.5	375	2310
500	375	2020
502.5	375	1880
505	375	1870
507.5	375	1900
510	375	1650
512.5	375	1610
515	375	1570
517.5	375	1670
520	375	1480
522.5	375	1540
525	375	1360
527.5	375	1290
530	375	1250
532.5	375	1350
535	375	1280
537.5	375	1330
540	375	1170
542.5	375	1150
545	375	1020
547.5	375	1060
550	375	910
250	380	540
252.5	380	520
255	380	520
257.5	380	440
260	380	590
262.5	380	420
265	380	550
267.5	380	550
270	380	640
272.5	380	570
275	380	610
277.5	380	540
280	380	520
282.5	380	550
285	380	540
287.5	380	500
290	380	810
292.5	380	540
295	380	580
297.5	380	610
300	380	650
302.5	380	710
305	380	690
307.5	380	600
310	380	500
312.5	380	710
315	380	690
317.5	380	760
320	380	660
322.5	380	760
325	380	750
327.5	380	810
330	380	680
332.5	380	920
335	380	890
337.5	380	1110
340	380	910
342.5	380	1170
345	380	1130
347.5	380	1200
350	380	1010
352.5	380	1160
355	380	1180
357.5	380	1440
360	380	1420
362.5	380	2020
365	380	2550
367.5	380	4130
370	380	32850
372.5	380	348700
375	380	1356600
377.5	380	2607810
380	380	3038280
382.5	380	2120160
385	380	859960
387.5	380	181630
390	380	28720
392.5	380	17970
395	380	14250
397.5	380	11590
400	380	10950
402.5	380	11770
405	380	10760
407.5	380	9490
410	380	8620
412.5	380	8380
415	380	7600
417.5	380	6750
420	380	6980
422.5	380	11930
425	380	29170
427.5	380	70770
430	380	138630
432.5	380	213580
435	380	262640
437.5	380	254140
440	380	193320
442.5	380	116210
445	380	53290
447.5	380	22940
450	380	11160
452.5	380	8130
455	380	6160
457.5	380	4600
460	380	3900
462.5	380	3210
465	380	3020
467.5	380	2850
470	380	3130
472.5	380	2880
475	380	2460
477.5	380	2570
480	380	2320
482.5	380	2590
485	380	2460
487.5	380	2170
490	380	2150
492.5	380	2420
495	380	1880
497.5	380	1760
500	380	1880
502.5	380	1900
505	380	1810
507.5	380	1740
510	380	1980
512.5	380	1760
515	380	1920
517.5	380	1750
520	380	1640
522.5	380	1410
525	380	1280
527.5	380	1330
530	380	1170
532.5	380	1060
535	380	1230
537.5	380	1060
540	380	1070
542.5	380	990
545	380	1040
547.5	380	1060
550	380	990
250	385	660
252.5	385	630
255	385	650
257.5	385	580
260	385	620
262.5	385	520
265	385	580
267.5	385	520
270	385	570
272.5	385	570
275	385	530
277.5	385	850
280	385	630
282.5	385	600
285	385	470
287.5	385	720
290	385	660
292.5	385	500
295	385	740
297.5	385	620
300	385	520
302.5	385	770
305	385	670
307.5	385	500
310	385	600
312.5	385	690
315	385	760
317.5	385	800
320	385	530
322.5	385	750
325	385	670
327.5	385	640
330	385	990
332.5	385	720
335	385	770
337.5	385	1030
340	385	930
342.5	385	980
345	385	930
347.5	385	1130
350	385	940
352.5	385	1240
355	385	940
357.5	385	1220
360	385	1320
362.5	385	1190
365	385	1330
367.5	385	1580
370	385	2230
372.5	385	3720
375	385	25930
377.5	385	288960
380	385	1201800
382.5	385	2520540
385	385	3060520
387.5	385	2275150
390	385	934190
392.5	385	192820
395	385	28750
397.5	385	17860
400	385	13400
402.5	385	11390
405	385	10390
407.5	385	10570
410	385	9780
412.5	385	10230
415	385	9230
417.5	385	7880
420	385	7830
422.5	385	6820
425	385	6060
427.5	385	7410
430	385	14220
432.5	385	35530
435	385	78660
437.5	385	142870
440	385	211420
442.5	385	246040
445	385	224350
447.5	385	158760
450	385	89000
452.5	385	39790
455	385	16680
457.5	385	9760
460	385	6870
462.5	385	6220
465	385	4290
467.5	385	3540
470	385	3690
472.5	385	3290
475	385	3100
477.5	385	3070
480	385	2750
482.5	385	2800
485	385	2590
487.5	385	2490
490	385	2370
492.5	385	2390
495	385	2230
497.5	385	2020
500	385	1890
502.5	385	1960
505	385	2060
507.5	385	1950
510	385	1920
512.5	385	1720
515	385	1860
517.5	385	1640
520	385	1740
522.5	385	1680
525	385	1780
527.5	385	1550
530	385	1630
532.5	385	1220
535	385	1210
537.5	385	1230
540	385	1100
542.5	385	1070
545	385	980
547.5	385	1140
550	385	930
250	390	660
252.5	390	630
255	390	550
257.5	390	580
260	390	630
262.5	390	610
265	390	530
267.5	390	660
270	390	590
272.5	390	530
275	390	630
277.5	390	490
280	390	590
282.5	390	550
285	390	470
287.5	390	620
290	390	500
292.5	390	580
295	390	590
297.5	390	600
300	390	520
302.5	390	530
305	390	580
307.5	390	690
310	390	730
312.5	390	790
315	390	700
317.5	390	770
320	390	730
322.5	390	590
325	390	770
327.5	390	720
330	390	790
332.5	390	730
335	390	720
337.5	390	720
340	390	820
342.5	390	890
345	390	1020
347.5	390	1000
350	390	970
352.5	390	1100
355	390	1100
357.5	390	950
360	390	1130
362.5	390	930
365	390	1200
367.5	390	1280
370	390	1360
372.5	390	1560
375	390	2290
377.5	390	3710
380	390	19120
382.5	390	260190
385	390	1179870
387.5	390	2526210
390	390	3155390
392.5	390	2356470
395	390	965180
397.5	390	188760
400	390	27770
402.5	390	17310
405	390	13660
407.5	390	11220
410	390	10500
412.5	390	10920
415	390	10440
417.5	390	9730
420	390	8810
422.5	390	8440
425	390	7510
427.5	390	7420
430	390	6760
432.5	390	6490
435	390	7960
437.5	390	18380
440	390	43360
442.5	390	89870
445	390	153040
447.5	390	208850
450	390	225540
452.5	390	187760
455	390	123330
457.5	390	62900
460	390	28280
462.5	390	12740
465	390	8000
467.5	390	6200
470	390	5340
472.5	390	4050
475	390	3190
477.5	390	2990
480	390	2820
482.5	390	3150
485	390	2760
487.5	390	2480
490	390	2760
492.5	390	2130
495	390	2000
497.5	390	2110
500	390	1820
502.5	390	2140
505	390	1760
507.5	390	1860
510	390	1730
512.5	390	1810
515	390	1780
517.5	390	1430
520	390	1420
522.5	390	1530
525	390	1500
527.5	390	1550
530	390	1750
532.5	390	1490
535	390	1350
537.5	390	1290
540	390	1170
542.5	390	1260
545	390	1160
547.5	390	1060
550	390	850
250	395	500
252.5	395	580
255	395	590
257.5	395	530
260	395	740
262.5	395	580
265	395	460
267.5	395	540
270	395	510
272.5	395	500
275	395	650
277.5	395	560
280	395	490
282.5	395	550
285	395	450
287.5	395	590
290	395	450
292.5	395	600
295	395	700
297.5	395	690
300	395	620
302.5	395	510
305	395	770
307.5	395	730
310	395	590
312.5	395	520
315	395	610
317.5	395	720
320	395	630
322.5	395	610
325	395	810
327.5	395	750
330	395	670
332.5	395	740
335	395	900
337.5	395	730
340	395	890
342.5	395	780
345	395	800
347.5	395	930
350	395	770
352.5	395	1010
355	395	1090
357.5	395	920
360	395	1000
362.5	395	1040
365	395	990
367.5	395	1270
370	395	1140
372.5	395	1230
375	395	1540
377.5	395	1620
380	395	2460
382.5	395	3740
385	395	20410
387.5	395	276480
390	395	1243750
392.5	395	2708800
395	395	3266860
397.5	395	2287240
400	395	902040
402.5	395	169550
405	395	26760
407.5	395	17420
410	395	13400
412.5	395	11860
415	395	10350
417.5	395	9920
420	395	10870
422.5	395	10030
425	395	8590
427.5	395	7970
430	395	7270
432.5	395	7370
435	395	6340
437.5	395	6110
440	395	6400
442.5	395	10590
445	395	24510
447.5	395	57810
450	395	110930
452.5	395	171130
455	395	205890
457.5	395	201970
460	395	154840
462.5	395	89870
465	395	44810
467.5	395	19520
470	395	9860
472.5	395	7160
475	395	5440
477.5	395	4500
480	395	3770
482.5	395	3140
485	395	2470
487.5	395	2540
490	395	2300
492.5	395	2400
495	395	2330
497.5	395	2010
500	395	2330
502.5	395	2050
505	395	1870
507.5	395	1950
510	395	1800
512.5	395	1990
515	395	1570
517.5	395	1710
520	395	1520
522.5	395	1540
525	395	1610
527.5	395	1380
530	395	1360
532.5	395	1590
535	395	1390
537.5	395	1380
540	395	1630
542.5	395	1220
545	395	1160
547.5	395	1260
550	395	1180
250	400	520
252.5	400	600
255	400	570
257.5	400	620
260	400	520
262.5	400	440
265	400	530
267.5	400	490
270	400	490
272.5	400	550
275	400	630
277.5	400	590
280	400	600
282.5	400	660
285	400	670
287.5	400	580
290	400	560
292.5	400	620
295	400	520
297.5	400	550
300	400	630
302.5	400	560
305	400	610
307.5	400	550
310	400	620
312.5	400	570
315	400	470
317.5	400	610
320	400	750
322.5	400	540
325	400	680
327.5	400	620
330	400	830
332.5	400	600
335	400	740
337.5	400	710
340	400	610
342.5	400	600
345	400	640
347.5	400	840
350	400	730
352.5	400	920
355	400	790
357.5	400	900
360	400	840
362.5	400	1160
365	400	1040
367.5	400	970
370	400	1020
372.5	400	1090
375	400	1310
377.5	400	1230
380	400	1260
382.5	400	1600
385	400	2210
387.5	400	3460
390	400	24760
392.5	400	325100
395	400	1391330
397.5	400	2801830
400	400	3173210
402.5	400	2093920
405	400	756390
407.5	400	139850
410	400	23460
412.5	400	15170
415	400	12260
417.5	400	9560
420	400	8350
422.5	400	9140
425	400	9080
427.5	400	9450
430	400	8450
432.5	400	6800
435	400	6750
437.5	400	6480
440	400	5880
442.5	400	5560
445	400	5170
447.5	400	6720
450	400	14540
452.5	400	34340
455	400	73000
457.5	400	129830
460	400	169870
462.5	400	188690
465	400	163470
467.5	400	115130
470	400	62330
472.5	400	29920
475	400	13740
477.5	400	7700
480	400	6200
482.5	400	4400
485	400	4060
487.5	400	2930
490	400	2660
492.5	400	2470
495	400	2380
497.5	400	2370
500	400	2100
502.5	400	2140
505	400	1870
507.5	400	2050
510	400	1920
512.5	400	1910
515	400	1530
517.5	400	1760
520	400	1410
522.5	400	1500
525	400	1840
527.5	400	1460
530	400	1460
532.5	400	1370
535	400	1290
537.5	400	1130
540	400	1250
542.5	400	1170
545	400	1220
547.5	400	1100
550	400	1050
250	405	680
252.5	405	470
255	405	490
257.5	405	590
260	405	480
262.5	405	570
265	405	590
267.5	405	530
270	405	430
272.5	405	650
275	405	360
277.5	405	560
280	405	440
282.5	405	450
285	405	580
287.5	405	490
290	405	510
292.5	405	590
295	405	510
297.5	405	490
300	405	540
302.5	405	550
305	405	640
307.5	405	520
310	405	590
312.5	405	540
315	405	730
317.5	405	750
320	405	630
322.5	405	650
325	405	630
327.5	405	660
330	405	490
332.5	405	750
335	405	750
337.5	405	690
340	405	750
342.5	405	800
345	405	710
347.5	405	770
350	405	830
352.5	405	720
355	405	870
357.5	405	930
360	405	1080
362.5	405	1050
365	405	890
367.5	405	1150
370	405	1190
372.5	405	920
375	405	1060
377.5	405	1200
380	405	960
382.5	405	1410
385	405	1460
387.5	405	1820
390	405	2590
392.5	405	4250
395	405	30070
397.5	405	379850
400	405	1458340
402.5	405	2817820
405	405	3098510
407.5	405	2023180
410	405	714290
412.5	405	125080
415	405	22740
417.5	405	14780
420	405	11630
422.5	405	9230
425	405	9230
427.5	405	7900
430	405	7760
432.5	405	8690
435	405	8190
437.5	405	6930
440	405	6540
442.5	405	5860
445	405	5160
447.5	405	4780
450	405	4890
452.5	405	5030
455	405	8810
457.5	405	20210
460	405	44190
462.5	405	85730
465	405	129600
467.5	405	159390
470	405	163390
472.5	405	131900
475	405	86110
477.5	405	47360
480	405	22160
482.5	405	10440
485	405	6150
487.5	405	5210
490	405	4100
492.5	405	3320
495	405	3020
497.5	405	2740
500	405	2030
502.5	405	1950
505	405	2060
507.5	405	1890
510	405	1850
512.5	405	1690
515	405	1770
517.5	405	1490
520	405	1520
522.5	405	1480
525	405	1210
527.5	405	1350
530	405	1680
532.5	405	1140
535	405	1320
537.5	405	1200
540	405	1150
542.5	405	1180
545	405	1200
547.5	405	1110
550	405	1020
250	410	460
252.5	410	460
255	410	630
257.5	410	710
260	410	470
262.5	410	500
265	410	460
267.5	410	400
270	410	510
272.5	410	680
275	410	500
277.5	410	480
280	410	560
282.5	410	520
285	410	510
287.5	410	690
290	410	390
292.5	410	460
295	410	510
297.5	410	590
300	410	400
302.5	410	700
305	410	510
307.5	410	610
310	410	550
312.5	410	660
315	410	610
317.5	410	590
320	410	650
322.5	410	570
325	410	720
327.5	410	570
330	410	540
332.5	410	640
335	410	720
337.5	410	620
340	410	680
342.5	410	590
345	410	720
347.5	410	800
350	410	730
352.5	410	750
355	410	880
357.5	410	800
360	410	900
362.5	410	1040
365	410	960
367.5	410	1080
370	410	1050
372.5	410	1070
375	410	1120
377.5	410	920
380	410	960
382.5	410	970
385	410	1070
387.5	410	1390
390	410	1320
392.5	410	1750
395	410	2380
397.5	410	4490
400	410	37210
402.5	410	426860
405	410	1597970
407.5	410	2934650
410	410	3147840
412.5	410	2017510
415	410	702830
417.5	410	123880
420	410	21790
422.5	410	14660
425	410	10980
427.5	410	9000
430	410	8460
432.5	410	7540
435	410	8180
437.5	410	8220
440	410	7800
442.5	410	6930
445	410	6050
447.5	410	6110
450	410	5660
452.5	410	5000
455	410	4120
457.5	410	4620
460	410	5430
462.5	410	11440
465	410	25120
467.5	410	52940
470	410	91110
472.5	410	127960
475	410	146090
477.5	410	139160
480	410	109300
482.5	410	68100
485	410	36170
487.5	410	16160
490	410	8780
492.5	410	6000
495	410	4830
497.5	410	3550
500	410	2880
502.5	410	2350
505	410	2250
507.5	410	1960
510	410	2120
512.5	410	1800
515	410	1730
517.5	410	1570
520	410	1890
522.5	410	1380
525	410	1560
527.5	410	1380
530	410	1390
532.5	410	1200
535	410	1360
537.5	410	1290
540	410	1230
542.5	410	1180
545	410	1110
547.5	410	1210
550	410	1100
250	415	600
252.5	415	570
255	415	590
257.5	415	570
260	415	560
262.5	415	560
265	415	650
267.5	415	640
270	415	490
272.5	415	510
275	415	480
277.5	415	690
280	415	390
282.5	415	550
285	415	580
287.5	415	550
290	415	450
292.5	415	660
295	415	590
297.5	415	460
300	415	570
302.5	415	590
305	415	670
307.5	415	600
310	415	680
312.5	415	560
315	415	570
317.5	415	590
320	415	640
322.5	415	700
325	415	590
327.5	415	760
330	415	700
332.5	415	620
335	415	610
337.5	415	660
340	415	740
342.5	415	650
345	415	650
347.5	415	570
350	415	800
352.5	415	790
355	415	610
357.5	415	770
360	415	680
362.5	415	790
365	415	800
367.5	415	780
370	415	910
372.5	415	930
375	415	880
377.5	415	1100
380	415	1060
382.5	415	1020
385	415	1050
387.5	415	1180
390	415	1140
392.5	415	1040
395	415	1340
397.5	415	1530
400	415	2570
402.5	415	4410
405	415	42460
407.5	415	441150
410	415	1603010
412.5	415	2899780
415	415	3097540
417.5	415	2022060
420	415	735880
422.5	415	141530
425	415	21530
427.5	415	14050
430	415	10980
432.5	415	8590
435	415	7640
437.5	415	7010
440	415	6670
442.5	415	7310
445	415	7350
447.5	415	6880
450	415	5710
452.5	415	5120
455	415	4970
457.5	415	4740
460	415	4260
462.5	415	4110
465	415	4380
467.5	415	6570
470	415	12900
472.5	415	29580
475	415	57170
477.5	415	89160
480	415	118220
482.5	415	129040
485	415	119880
487.5	415	90370
490	415	55490
492.5	415	28480
495	415	12830
497.5	415	6980
500	415	4780
502.5	415	4350
505	415	3080
507.5	415	2640
510	415	2400
512.5	415	1820
515	415	1840
517.5	415	1780
520	415	1740
522.5	415	1670
525	415	1560
527.5	415	1430
530	415	1370
532.5	415	1460
535	415	1290
537.5	415	1160
540	415	1000
542.5	415	1170
545	415	860
547.5	415	1060
550	415	930
250	420	460
252.5	420	570
255	420	540
257.5	420	540
260	420	500
262.5	420	610
265	420	660
267.5	420	390
270	420	610
272.5	420	500
275	420	510
277.5	420	530
280	420	580
282.5	420	590
285	420	540
287.5	420	570
290	420	680
292.5	420	460
295	420	670
297.5	420	700
300	420	620
302.5	420	520
305	420	560
307.5	420	410
310	420	580
312.5	420	630
315	420	630
317.5	420	500
320	420	510
322.5	420	610
325	420	540
327.5	420	640
330	420	630
332.5	420	690
335	420	640
337.5	420	670
340	420	740
342.5	420	540
345	420	690
347.5	420	690
350	420	680
352.5	420	720
355	420	600
357.5	420	730
360	420	810
362.5	420	720
365	420	880
367.5	420	520
370	420	880
372.5	420	820
375	420	810
377.5	420	910
380	420	840
382.5	420	1010
385	420	890
387.5	420	1020
390	420	1120
392.5	420	1130
395	420	1170
397.5	420	1170
400	420	1150
402.5	420	1810
405	420	2670
407.5	420	4540
410	420	44980
412.5	420	447650
415	420	1614440
417.5	420	2919690
420	420	3137860
422.5	420	2062810
425	420	786640
427.5	420	144300
430	420	21510
432.5	420	13410
435	420	10280
437.5	420	8310
440	420	6970
442.5	420	6200
445	420	6340
447.5	420	6740
450	420	7150
452.5	420	6350
455	420	4930
457.5	420	5020
460	420	4760
462.5	420	4420
465	420	4100
467.5	420	3490
470	420	3370
472.5	420	3890
475	420	7490
477.5	420	15260
480	420	31190
482.5	420	58590
485	420	88670
487.5	420	111460
490	420	116260
492.5	420	102510
495	420	73120
497.5	420	40980
500	420	20510
502.5	420	9050
505	420	5620
507.5	420	4420
510	420	3290
512.5	420	3170
515	420	2350
517.5	420	1920
520	420	1750
522.5	420	1590
525	420	1650
527.5	420	1420
530	420	1400
532.5	420	1360
535	420	1390
537.5	420	1280
540	420	1250
542.5	420	1160
545	420	1090
547.5	420	990
550	420	980
250	425	400
252.5	425	600
255	425	450
257.5	425	570
260	425	560
262.5	425	480
265	425	490
267.5	425	460
270	425	670
272.5	425	650
275	425	430
277.5	425	440
280	425	510
282.5	425	550
285	425	550
287.5	425	540
290	425	560
292.5	425	450
295	425	450
297.5	425	600
300	425	640
302.5	425	590
305	425	550
307.5	425	460
310	425	490
312.5	425	560
315	425	550
317.5	425	580
320	425	710
322.5	425	590
325	425	590
327.5	425	700
330	425	480
332.5	425	640
335	425	730
337.5	425	790
340	425	570
342.5	425	740
345	425	690
347.5	425	550
350	425	550
352.5	425	650
355	425	670
357.5	425	640
360	425	570
362.5	425	680
365	425	680
367.5	425	660
370	425	590
372.5	425	690
375	425	880
377.5	425	760
380	425	860
382.5	425	1010
385	425	1030
387.5	425	950
390	425	900
392.5	425	1010
395	425	920
397.5	425	1150
400	425	1160
402.5	425	1220
405	425	1300
407.5	425	1720
410	425	2420
412.5	425	4160
415	425	41380
417.5	425	413280
420	425	1505130
422.5	425	2784240
425	425	3081270
427.5	425	2108800
430	425	822130
432.5	425	158600
435	425	20980
437.5	425	13020
440	425	9680
442.5	425	8240
445	425	6350
447.5	425	5300
450	425	5540
452.5	425	6240
455	425	6160
457.5	425	6160
460	425	4930
462.5	425	4580
465	425	4050
467.5	425	4250
470	425	3910
472.5	425	3240
475	425	3100
477.5	425	3200
480	425	4380
482.5	425	8280
485	425	15940
487.5	425	32420
490	425	57710
492.5	425	81150
495	425	100800
497.5	425	100990
500	425	82490
502.5	425	55800
505	425	31220
507.5	425	14650
510	425	7060
512.5	425	4400
515	425	3370
517.5	425	3130
520	425	2440
522.5	425	1860
525	425	1460
527.5	425	1380
530	425	1360
532.5	425	1300
535	425	1180
537.5	425	1180
540	425	1150
542.5	425	1030
545	425	1180
547.5	425	1100
550	425	1000
250	430	410
252.5	430	500
255	430	450
257.5	430	430
260	430	510
262.5	430	540
265	430	480
267.5	430	640
270	430	450
272.5	430	540
275	430	520
277.5	430	570
280	430	460
282.5	430	490
285	430	600
287.5	430	620
290	430	620
292.5	430	650
295	430	480
297.5	430	630
300	430	480
302.5	430	560
305	430	490
307.5	430	700
310	430	620
312.5	430	600
315	430	580
317.5	430	510
320	430	440
322.5	430	610
325	430	530
327.5	430	540
330	430	660
332.5	430	630
335	430	580
337.5	430	740
340	430	600
342.5	430	680
345	430	640
347.5	430	800
350	430	630
352.5	430	700
355	430	610
357.5	430	690
360	430	620
362.5	430	650
365	430	680
367.5	430	700
370	430	560
372.5	430	590
375	430	690
377.5	430	680
380	430	830
382.5	430	910
385	430	810
387.5	430	1120
390	430	820
392.5	430	1000
395	430	890
397.5	430	1130
400	430	1240
402.5	430	1190
405	430	1080
407.5	430	1520
410	430	1620
412.5	430	1760
415	430	2160
417.5	430	4250
420	430	39040
422.5	430	381200
425	430	1406510
427.5	430	2719690
430	430	3081900
432.5	430	2141290
435	430	833560
437.5	430	163100
440	430	20430
442.5	430	11640
445	430	9240
447.5	430	7800
450	430	6020
452.5	430	5970
455	430	4960
457.5	430	5900
460	430	5370
462.5	430	5380
465	430	4910
467.5	430	4030
470	430	4300
472.5	430	3790
475	430	3730
477.5	430	3350
480	430	2360
482.5	430	2810
485	430	2930
487.5	430	4550
490	430	8340
492.5	430	17540
495	430	35120
497.5	430	55240
500	430	76440
502.5	430	90010
505	430	84090
507.5	430	68310
510	430	41160
512.5	430	22220
515	430	9850
517.5	430	5100
520	430	3680
522.5	430	3160
525	430	2450
527.5	430	2010
530	430	1820
532.5	430	1520
535	430	1430
537.5	430	1260
540	430	1230
542.5	430	1050
545	430	1020
547.5	430	1190
550	430	1090
250	435	640
252.5	435	480
255	435	530
257.5	435	420
260	435	470
262.5	435	450
265	435	540
267.5	435	450
270	435	530
272.5	435	500
275	435	440
277.5	435	540
280	435	530
282.5	435	540
285	435	520
287.5	435	510
290	435	430
292.5	435	520
295	435	660
297.5	435	580
300	435	610
302.5	435	370
305	435	460
307.5	435	590
310	435	430
312.5	435	540
315	435	520
317.5	435	600
320	435	640
322.5	435	440
325	435	700
327.5	435	650
330	435	570
332.5	435	630
335	435	620
337.5	435	600
340	435	600
342.5	435	500
345	435	580
347.5	435	580
350	435	540
352.5	435	660
355	435	650
357.5	435	540
360	435	630
362.5	435	500
365	435	600
367.5	435	490
370	435	610
372.5	435	710
375	435	620
377.5	435	560
380	435	760
382.5	435	730
385	435	630
387.5	435	820
390	435	820
392.5	435	980
395	435	960
397.5	435	1000
400	435	940
402.5	435	1010
405	435	1040
407.5	435	1240
410	435	1020
412.5	435	1260
415	435	1280
417.5	435	1690
420	435	2270
422.5	435	3810
425	435	24560
427.5	435	312650
430	435	1277200
432.5	435	2612880
435	435	3093470
437.5	435	2238260
440	435	922740
442.5	435	180990
445	435	19800
447.5	435	11640
450	435	8740
452.5	435	7260
455	435	5500
457.5	435	5460
460	435	4780
462.5	435	4860
465	435	5070
467.5	435	5190
470	435	4750
472.5	435	3760
475	435	4170
477.5	435	3810
480	435	3720
482.5	435	3200
485	435	3000
487.5	435	2550
490	435	2530
492.5	435	2750
495	435	4590
497.5	435	8980
500	435	18780
502.5	435	34840
505	435	53490
507.5	435	71460
510	435	80110
512.5	435	71890
515	435	53840
517.5	435	33820
520	435	17940
522.5	435	8530
525	435	4270
527.5	435	3430
530	435	2570
532.5	435	2130
535	435	2100
537.5	435	1570
540	435	1080
542.5	435	1190
545	435	1180
547.5	435	950
550	435	970
250	440	490
252.5	440	420
255	440	530
257.5	440	510
260	440	450
262.5	440	420
265	440	540
267.5	440	580
270	440	390
272.5	440	570
275	440	510
277.5	440	580
280	440	580
282.5	440	500
285	440	470
287.5	440	620
290	440	450
292.5	440	470
295	440	570
297.5	440	610
300	440	550
302.5	440	640
305	440	490
307.5	440	500
310	440	490
312.5	440	560
315	440	550
317.5	440	520
320	440	620
322.5	440	500
325	440	520
327.5	440	540
330	440	400
332.5	440	590
335	440	580
337.5	440	450
340	440	580
342.5	440	480
345	440	640
347.5	440	650
350	440	500
352.5	440	520
355	440	650
357.5	440	530
360	440	720
362.5	440	550
365	440	570
367.5	440	520
370	440	520
372.5	440	680
375	440	570
377.5	440	800
380	440	510
382.5	440	800
385	440	840
387.5	440	630
390	440	780
392.5	440	910
395	440	960
397.5	440	960
400	440	680
402.5	440	850
405	440	860
407.5	440	980
410	440	890
412.5	440	970
415	440	1090
417.5	440	1310
420	440	1350
422.5	440	1550
425	440	2120
427.5	440	3650
430	440	17910
432.5	440	268010
435	440	1183980
437.5	440	2537640
440	440	3139700
442.5	440	2315650
445	440	953180
447.5	440	189570
450	440	20520
452.5	440	11510
455	440	8110
457.5	440	6310
460	440	5750
462.5	440	4880
465	440	4360
467.5	440	4920
470	440	4720
472.5	440	4900
475	440	4620
477.5	440	3840
480	440	3700
482.5	440	3230
485	440	3300
487.5	440	3200
490	440	3010
492.5	440	2490
495	440	2260
497.5	440	2410
500	440	3240
502.5	440	5070
505	440	10330
507.5	440	21050
510	440	37260
512.5	440	51920
515	440	66750
517.5	440	67950
520	440	60190
522.5	440	44780
525	440	26680
527.5	440	14000
530	440	7160
532.5	440	3710
535	440	2970
537.5	440	2440
540	440	1920
542.5	440	1730
545	440	1490
547.5	440	1170
550	440	1110
250	445	500
252.5	445	520
255	445	540
257.5	445	570
260	445	530
262.5	445	520
265	445	500
267.5	445	570
270	445	300
272.5	445	400
275	445	480
277.5	445	580
280	445	580
282.5	445	520
285	445	430
287.5	445	590
290	445	530
292.5	445	440
295	445	490
297.5	445	360
300	445	660
302.5	445	480
305	445	580
307.5	445	500
310	445	530
312.5	445	530
315	445	460
317.5	445	500
320	445	650
322.5	445	490
325	445	490
327.5	445	580
330	445	600
332.5	445	620
335	445	620
337.5	445	560
340	445	590
342.5	445	550
345	445	620
347.5	445	640
350	445	660
352.5	445	450
355	445	720
357.5	445	640
360	445	680
362.5	445	610
365	445	410
367.5	445	570
370	445	530
372.5	445	700
375	445	510
377.5	445	740
380	445	490
382.5	445	630
385	445	580
387.5	445	720
390	445	890
392.5	445	810
395	445	580
397.5	445	800
400	445	770
402.5	445	880
405	445	950
407.5	445	800
410	445	1020
412.5	445	1120
415	445	980
417.5	445	1140
420	445	1110
422.5	445	1160
425	445	1490
427.5	445	1150
430	445	2130
432.5	445	3430
435	445	14980
437.5	445	226020
440	445	1080940
442.5	445	2448040
445	445	3089650
447.5	445	2364800
450	445	1000530
452.5	445	202930
455	445	19330
457.5	445	10250
460	445	8400
462.5	445	6710
465	445	5280
467.5	445	4900
470	445	4330
472.5	445	3890
475	445	4260
477.5	445	4580
480	445	4450
482.5	445	3710
485	445	3410
487.5	445	3290
490	445	3150
492.5	445	3030
495	445	2820
497.5	445	2820
500	445	2160
502.5	445	2350
505	445	2170
507.5	445	3360
510	445	5590
512.5	445	11660
515	445	20790
517.5	445	34640
520	445	48770
522.5	445	57970
525	445	61040
527.5	445	54030
530	445	38900
532.5	445	23750
535	445	13110
537.5	445	6220
540	445	3360
542.5	445	2700
545	445	2310
547.5	445	2060
550	445	1370
250	450	390
252.5	450	520
255	450	490
257.5	450	460
260	450	560
262.5	450	500
265	450	520
267.5	450	520
270	450	530
272.5	450	320
275	450	500
277.5	450	370
280	450	400
282.5	450	580
285	450	580
287.5	450	500
290	450	480
292.5	450	540
295	450	440
297.5	450	580
300	450	480
302.5	450	570
305	450	590
307.5	450	570
310	450	600
312.5	450	680
315	450	610
317.5	450	460
320	450	530
322.5	450	540
325	450	800
327.5	450	560
330	450	530
332.5	450	580
335	450	490
337.5	450	670
340	450	640
342.5	450	640
345	450	510
347.5	450	570
350	450	590
352.5	450	610
355	450	500
357.5	450	490
360	450	620
362.5	450	690
365	450	570
367.5	450	650
370	450	650
372.5	450	670
375	450	620
377.5	450	740
380	450	580
382.5	450	740
385	450	640
387.5	450	690
390	450	680
392.5	450	800
395	450	650
397.5	450	820
400	450	870
402.5	450	900
405	450	780
407.5	450	970
410	450	810
412.5	450	830
415	450	930
417.5	450	980
420	450	890
422.5	450	1120
425	450	900
427.5	450	1240
430	450	1230
432.5	450	1570
435	450	2230
437.5	450	3660
440	450	15480
442.5	450	240940
445	450	1236810
447.5	450	2920800
450	450	3672910
452.5	450	2647480
455	450	1008400
457.5	450	166920
460	450	17170
462.5	450	10400
465	450	8450
467.5	450	6370
470	450	5550
472.5	450	4610
475	450	4250
477.5	450	4080
480	450	3970
482.5	450	3990
485	450	4700
487.5	450	3920
490	450	3720
492.5	450	3080
495	450	3280
497.5	450	3250
500	450	3200
502.5	450	2680
505	450	2200
507.5	450	1910
510	450	2040
512.5	450	2350
515	450	3730
517.5	450	7300
520	450	13430
522.5	450	24280
525	450	37970
527.5	450	51070
530	450	56170
532.5	450	57290
535	450	47620
537.5	450	34090
540	450	21090
542.5	450	10440
545	450	5600
547.5	450	3430
550	450	2590
